0.0 0.777472644397 0.9 0.0 0.323222666798 0.30233835269 0.201829332665 0.85 1.0
0.0 0.553571429 0.9 0.0 0.323222666798 0.30233835269 0.201829332665 0.85 0.0
0.0 0.575688775065 0.9 0.0 0.323222666798 0.5 0.201829332665 0.85 1.0
0.0 0.553571429 0.9 0.0 0.323222666798 0.5 0.201829332665 0.85 0.0
0.0 0.575688775065 0.9 0.0 0.323222666798 0.5 0.201829332665 0.85 1.0
0.0 0.575688775065 0.9 0.0 0.323222666798 0.5 0.201829332665 0.85 1.0
0.0 0.575688775065 0.9 0.0 0.323222666798 0.5 0.201829332665 0.85 1.0
0.0 0.673424223553 0.9 0.0 0.256924543336 0.417723307281 0.472009123205 0.15 1.0
0.0 0.553571429 0.9 0.0 0.256924543336 0.417723307281 0.472009123205 0.15 0.0
0.0 0.553571429 0.9 0.0 0.256924543336 0.600070070824 0.472009123205 0.15 0.0
0.0 0.635176590636 0.9 0.0 0.647580179026 0.399929929176 0.747673009832 0.15 1.0
0.0 0.553571429 0.9 1.0 0.647580179026 0.399929929176 0.747673009832 0.15 0.0
0.0 0.635176590636 0.9 0.0 0.647580179026 0.399929929176 0.747673009832 0.15 1.0
0.0 0.635176590636 0.9 0.0 0.647580179026 0.399929929176 0.747673009832 0.15 1.0
0.0 0.171731021905 0.9 1.0 0.647580179026 0.399929929176 0.747673009832 0.15 0.0
0.0 0.635176590636 0.9 0.0 0.647580179026 0.399929929176 0.747673009832 0.15 1.0
1.0 0.553571429 0.9 0.0 0.647580179026 0.600070070824 0.747673009832 0.15 0.0
0.0 0.607142857143 0.9 0.0 0.305850893106 0.545361706666 0.781711068477 0.15 1.0
0.0 0.553571429 0.9 0.0 0.305850893106 0.545361706666 0.781711068477 0.15 0.0
0.0 0.603674436416 0.9 0.0 0.305850893106 0.545361706666 0.781711068477 0.15 1.0
1.0 0.553571429 0.9 0.0 0.305850893106 0.545361706666 0.781711068477 0.15 0.0
0.0 0.553571429 0.9 1.0 0.305850893106 0.454638293334 0.781711068477 0.15 0.0
0.0 0.679412813632 0.9 0.0 0.459102253135 0.692578455518 0.466135308725 0.15 1.0
0.0 0.553571429 0.9 0.0 0.459102253135 0.692578455518 0.466135308725 0.15 0.0
0.0 0.602443813072 0.9 0.0 0.483955736774 0.335709545403 0.531098448615 0.15 0.0
0.0 0.744293889332 0.9 0.0 0.269607205565 0.312052124618 0.254769487336 0.15 1.0
0.0 0.553571429 0.9 0.0 0.269607205565 0.312052124618 0.254769487336 0.15 0.0
0.0 0.710129943866 0.9 0.0 0.493899375943 0.302242961559 0.613312975753 0.15 1.0
0.0 0.553571429 0.9 1.0 0.493899375943 0.302242961559 0.613312975753 0.15 0.0
0.0 0.705781436285 0.9 0.0 0.463204646399 0.365419700056 0.530825907807 0.15 1.0
0.0 0.64241912762 0.9 0.0 0.755621787621 0.613540503439 0.474073616834 0.15 1.0
0.0 0.553571429 0.9 0.0 0.755621787621 0.613540503439 0.474073616834 0.15 0.0
1.0 0.553571429 0.9 0.0 0.755621787621 0.613540503439 0.474073616834 0.15 0.0
0.0 0.64241912762 0.9 0.0 0.755621787621 0.613540503439 0.474073616834 0.15 1.0
0.0 0.613799885489 0.9 0.0 0.521304766127 0.43760300256 0.370822846037 0.15 1.0
0.0 0.613799885489 0.9 0.0 0.521304766127 0.56239699744 0.370822846037 0.15 1.0
0.0 0.553571429 0.9 0.0 0.521304766127 0.56239699744 0.370822846037 0.15 0.0
0.0 0.575688775065 0.9 0.0 0.702215325885 0.5 0.432471875471 0.85 1.0
0.0 0.553571429 0.9 0.0 0.702215325885 0.5 0.432471875471 0.85 0.0
0.0 0.730955715613 0.9 0.0 0.606375740911 0.661688772803 0.2272663859 0.15 1.0
0.0 0.553571429 0.9 0.0 0.606375740911 0.661688772803 0.2272663859 0.15 0.0
0.0 0.575688775065 0.9 0.0 0.642565827975 0.5 0.609116171366 0.85 1.0
0.0 0.553571429 0.9 0.0 0.642565827975 0.5 0.609116171366 0.85 0.0
0.0 0.658530201864 0.9 0.0 0.524065207772 0.353958653137 0.562675429699 0.15 1.0
0.0 0.553571429 0.9 0.0 0.524065207772 0.353958653137 0.562675429699 0.15 0.0
0.0 0.658860352626 0.9 0.0 0.524065207772 0.353958653137 0.562675429699 0.15 1.0
0.0 0.700673120305 0.9 0.0 0.49324015434 0.273531429895 0.541907935357 0.15 1.0
0.0 0.691761561237 0.9 0.0 0.49324015434 0.273531429895 0.541907935357 0.15 1.0
0.0 0.723272124886 0.9 0.0 0.445780706265 0.360252317378 0.545303162883 0.15 1.0
0.0 0.510133407504 0.9 0.0 0.58469823092 0.397773800139 0.329004982537 0.85 0.0
0.0 0.649247752393 0.9 0.0 0.489794433166 0.554705542252 0.172861900839 0.15 1.0
0.0 0.553571429 0.9 0.0 0.489794433166 0.554705542252 0.172861900839 0.15 0.0
0.0 0.609259370628 0.9 0.0 0.489794433166 0.554705542252 0.172861900839 0.15 1.0
1.0 0.553571429 0.9 0.0 0.489794433166 0.554705542252 0.172861900839 0.15 0.0
0.0 0.616947515359 0.9 0.0 0.591364337364 0.567784176258 0.530962192495 0.15 1.0
0.0 0.633240086144 0.9 0.0 0.406609133369 0.566088817698 0.648070888739 0.85 1.0
0.0 0.553571429 0.9 0.0 0.406609133369 0.566088817698 0.648070888739 0.85 0.0
0.0 0.68915245928 0.9 0.0 0.551040234168 0.281278762988 0.409777127201 0.15 1.0
0.0 0.553571429 0.9 0.0 0.551040234168 0.281278762988 0.409777127201 0.15 0.0
0.0 0.591452385004 0.9 0.0 0.411438628561 0.474706446074 0.464771420726 0.15 1.0
0.0 0.553571429 0.9 0.0 0.411438628561 0.474706446074 0.464771420726 0.15 0.0
0.0 0.639431472872 0.9 0.0 0.283629391491 0.46255727102 0.358072010175 0.85 1.0
0.0 0.553571429 0.9 0.0 0.283629391491 0.46255727102 0.358072010175 0.85 0.0
0.0 0.689249771275 0.9 0.0 0.26839453849 0.298301646405 0.663096144089 0.15 1.0
0.0 0.667252667478 0.9 0.0 0.258958443053 0.628702948334 0.308613451112 0.15 1.0
0.0 0.553571429 0.9 0.0 0.258958443053 0.628702948334 0.308613451112 0.15 0.0
0.0 0.614279916489 0.9 0.0 0.524689353082 0.485777729483 0.485082393915 0.15 1.0
0.0 0.553571429 0.9 0.0 0.524689353082 0.485777729483 0.485082393915 0.15 0.0
0.0 0.638987569409 0.9 0.0 0.246773433439 0.4344241223 0.442498876908 0.85 1.0
0.0 0.553571429 0.9 0.0 0.246773433439 0.4344241223 0.442498876908 0.85 0.0
0.0 0.575688775065 0.9 0.0 0.402937014912 0.5 0.620438397832 0.85 1.0
0.0 0.553571429 0.9 0.0 0.402937014912 0.5 0.620438397832 0.85 0.0
0.0 0.626101320312 0.9 0.0 0.482920588932 0.583742847545 0.579007055601 0.15 1.0
0.0 0.553571429 0.9 0.0 0.482920588932 0.583742847545 0.579007055601 0.15 0.0
0.0 0.626101320312 0.9 0.0 0.482920588932 0.583742847545 0.579007055601 0.15 1.0
0.0 0.603645952068 0.9 0.0 0.22911949755 0.520628753983 0.426821738958 0.15 1.0
0.0 0.553571429 0.9 0.0 0.22911949755 0.520628753983 0.426821738958 0.15 0.0
0.0 0.61890359578 0.9 0.0 0.521513637026 0.584322914819 0.573989503706 0.15 1.0
0.0 0.553571429 0.9 0.0 0.521513637026 0.584322914819 0.573989503706 0.15 0.0
0.0 0.626428964933 0.9 0.0 0.521513637026 0.415677085181 0.573989503706 0.15 1.0
0.0 0.553571429 0.9 0.0 0.521513637026 0.415677085181 0.573989503706 0.15 0.0
0.0 0.626428964933 0.9 0.0 0.521513637026 0.584322914819 0.573989503706 0.15 1.0
1.0 0.553571429 0.9 0.0 0.521513637026 0.584322914819 0.573989503706 0.15 0.0
0.0 0.626428964933 0.9 0.0 0.521513637026 0.584322914819 0.573989503706 0.15 1.0
0.0 0.626428964933 0.9 0.0 0.521513637026 0.584322914819 0.573989503706 0.15 1.0
0.0 0.626428964933 0.9 0.0 0.521513637026 0.584322914819 0.573989503706 0.15 1.0
0.0 0.654761904762 0.9 0.0 0.338124853869 0.598766938273 0.552385173914 0.15 1.0
0.0 0.553571429 0.9 0.0 0.338124853869 0.598766938273 0.552385173914 0.15 0.0
0.0 0.735632208554 0.9 0.0 0.53549912076 0.702647829142 0.175580206447 0.85 1.0
0.0 0.553571429 0.9 0.0 0.53549912076 0.702647829142 0.175580206447 0.85 0.0
0.0 0.638777208592 0.9 0.0 0.415880524698 0.349626267042 0.530416882155 0.15 0.0
0.0 0.681901869485 0.9 0.0 0.507897644191 0.301084066505 0.446710456057 0.15 1.0
0.0 0.553571429 0.9 0.0 0.507897644191 0.301084066505 0.446710456057 0.15 0.0
0.0 0.651963805498 0.9 0.0 0.273292641992 0.3502179118 0.614449000065 0.15 1.0
0.0 0.327380952381 0.9 0.0 0.693508989359 0.5 0.588109267137 0.85 0.0
0.0 0.713200824421 0.9 0.0 0.718666625535 0.358355650327 0.641553944998 0.15 1.0
0.0 0.656728225027 0.9 0.0 0.718666625535 0.641644349673 0.641553944998 0.15 1.0
0.0 0.553571429 0.9 0.0 0.718666625535 0.641644349673 0.641553944998 0.15 0.0
0.0 0.575688775065 0.9 0.0 0.757774705016 0.5 0.609821367808 0.85 1.0
0.0 0.553571429 0.9 0.0 0.757774705016 0.5 0.609821367808 0.85 0.0
0.0 0.626498491041 0.9 0.0 0.388555015779 0.668179557738 0.613119434366 0.15 0.0
0.0 0.613119434366 0.9 0.0 0.690559912136 0.379458738869 0.769294137878 0.15 0.0
0.0 0.578803999913 0.9 0.0 0.630985659494 0.536404455205 0.547645620219 0.85 0.0
0.0 0.740613034879 0.9 0.0 0.617805954548 0.684233444118 0.248316050576 0.15 1.0
0.0 0.660918730014 0.9 0.0 0.350845774262 0.666716205124 0.283783912278 0.15 1.0
0.0 0.766717868464 0.9 0.0 0.383037210951 0.658298051832 0.567749847195 0.15 1.0
0.0 0.677237690866 0.9 0.0 0.212813306658 0.362234646547 0.533681910698 0.15 1.0
0.0 0.553571429 0.9 0.0 0.212813306658 0.362234646547 0.533681910698 0.15 0.0
0.0 0.760717507565 0.9 0.0 0.318080591081 0.307103660058 0.821145979243 0.15 1.0
0.0 0.63830953092 0.9 0.0 0.427935677531 0.601035695699 0.383814089536 0.15 1.0
0.0 0.553571429 0.9 0.0 0.427935677531 0.601035695699 0.383814089536 0.15 0.0
0.0 0.795684414871 0.9 0.0 0.509436095437 0.331196565309 0.512353838389 0.15 1.0
0.0 0.67677458981 0.9 0.0 0.5 0.313930815008 0.535714285714 0.15 1.0
0.0 0.553571429 0.9 1.0 0.5 0.313930815008 0.535714285714 0.15 0.0
0.0 0.67677458981 0.9 0.0 0.5 0.313930815008 0.535714285714 0.15 1.0
0.0 0.700673120305 0.9 0.0 0.572678571056 0.726468570105 0.483585021765 0.15 1.0
0.0 0.553571429 0.9 0.0 0.572678571056 0.726468570105 0.483585021765 0.15 0.0
0.0 0.571531191061 0.9 0.0 0.682904010479 0.495687062206 0.656545563349 0.15 1.0
0.0 0.553571429 0.9 0.0 0.682904010479 0.495687062206 0.656545563349 0.15 0.0
0.0 0.565709070117 0.9 0.0 0.40976384068 0.493475170877 0.60619082794 0.85 0.0
0.0 0.631458087111 0.9 0.0 0.678433575939 0.593312269343 0.581464422377 0.15 1.0
0.0 0.631458087111 0.9 0.0 0.678433575939 0.593312269343 0.581464422377 0.15 1.0
0.0 0.575688775065 0.9 0.0 0.585961441184 0.5 0.570041710654 0.85 1.0
0.0 0.553571429 0.9 0.0 0.585961441184 0.5 0.570041710654 0.85 0.0
0.0 0.648070888739 0.9 0.0 0.414957859629 0.593390866631 0.398672669382 0.15 1.0
0.0 0.75435146712 0.9 0.0 0.53549912076 0.349586091166 0.512297721298 0.15 1.0
0.0 0.814395037329 0.9 0.0 0.316222701066 0.335183083265 0.378252347005 0.85 1.0
0.0 0.58637858814 0.9 0.0 0.317022710326 0.52325421026 0.50478916698 0.15 1.0
0.0 0.553571429 0.9 0.0 0.317022710326 0.52325421026 0.50478916698 0.15 0.0
0.0 0.79324093627 0.9 0.0 0.611088355557 0.324312747817 0.559889208219 0.15 1.0
0.0 0.600033506 0.9 0.0 0.534684220785 0.577874462292 0.39781650824 0.15 0.0
0.0 0.692483246992 0.9 0.0 0.333733108825 0.271316205414 0.614449000065 0.15 1.0
0.0 0.692483246992 0.9 0.0 0.333733108825 0.271316205414 0.614449000065 0.15 1.0
0.0 0.822746213796 0.9 0.0 0.273910701819 0.334900764146 0.48707313593 0.15 1.0
0.0 0.628811642992 0.9 0.0 0.468889467221 0.411438628561 0.504817563856 0.15 1.0
0.0 0.553571429 0.9 0.0 0.468889467221 0.411438628561 0.504817563856 0.15 0.0
0.0 0.628811642992 0.9 0.0 0.468889467221 0.411438628561 0.504817563856 0.15 1.0
0.0 0.732475792364 0.9 0.0 0.693707514785 0.667984086604 0.638613554245 0.15 1.0
0.0 0.709531506532 0.9 0.0 0.703499544802 0.662066338434 0.331489035004 0.15 1.0
0.0 0.553571429 0.9 0.0 0.703499544802 0.662066338434 0.331489035004 0.15 0.0
0.0 0.700673120305 0.9 0.0 0.295176789365 0.273531429895 0.638987569409 0.15 1.0
0.0 0.825113336138 0.9 0.0 0.403388002123 0.683097681954 0.465681032869 0.15 1.0
0.0 0.710215399659 0.9 0.0 0.369173702231 0.692677644783 0.464953456496 0.15 1.0
0.0 0.553571429 0.9 0.0 0.369173702231 0.692677644783 0.464953456496 0.15 0.0
0.0 0.671119722301 0.9 0.0 0.509525876584 0.327267435355 0.50640573127 0.15 1.0
0.0 0.658325129396 0.9 0.0 0.431469988542 0.380580034445 0.629084029607 0.85 1.0
0.0 0.553571429 0.9 0.0 0.431469988542 0.380580034445 0.629084029607 0.85 0.0
0.0 0.714817007507 0.9 0.0 0.620401039651 0.347943028004 0.485316939207 0.85 1.0
0.0 0.553571429 0.9 0.0 0.620401039651 0.347943028004 0.485316939207 0.85 0.0
0.0 0.664001612976 0.9 0.0 0.302315874126 0.420708754092 0.760636957746 0.15 1.0
0.0 0.553571429 0.9 0.0 0.302315874126 0.420708754092 0.760636957746 0.15 0.0
0.0 0.647724408614 0.9 0.0 0.307825813202 0.707476761498 0.369265340524 0.15 0.0
0.0 0.704986378721 0.9 0.0 0.211907289154 0.358911421918 0.480490421178 0.15 1.0
0.0 0.617297834205 0.9 0.0 0.480628664111 0.431613283537 0.573503655281 0.15 1.0
0.0 0.553571429 0.9 0.0 0.480628664111 0.431613283537 0.573503655281 0.15 0.0
0.0 0.612998445015 0.9 0.0 0.274552792618 0.544994881156 0.427567661846 0.15 1.0
0.0 0.553571429 0.9 0.0 0.274552792618 0.544994881156 0.427567661846 0.15 0.0
0.0 0.620590533536 0.9 0.0 0.514556860673 0.42591934095 0.495086959998 0.15 1.0
0.0 0.553571429 0.9 0.0 0.514556860673 0.42591934095 0.495086959998 0.15 0.0
0.0 0.696450295157 0.9 0.0 0.675930850136 0.337185932416 0.239925863888 0.15 1.0
0.0 0.553571429 0.9 0.0 0.675930850136 0.337185932416 0.239925863888 0.15 0.0
0.0 0.685757430514 0.9 0.0 0.364800455832 0.708266770627 0.366865038856 0.85 1.0
0.0 0.591483186015 0.9 0.0 0.579668344263 0.567896362428 0.451294850772 0.15 0.0
0.0 0.768835350606 0.9 0.0 0.296660475118 0.327267435355 0.495692430728 0.85 1.0
0.0 0.700673120305 0.9 0.0 0.5 0.726468570105 0.196428571429 0.15 1.0
0.0 0.553571429 0.9 0.0 0.5 0.726468570105 0.196428571429 0.15 0.0
0.0 0.623092793738 0.9 0.0 0.617256622928 0.52613257936 0.408032269221 0.85 1.0
0.0 0.553571429 0.9 0.0 0.617256622928 0.52613257936 0.408032269221 0.85 0.0
0.0 0.693817509097 0.9 0.0 0.371597021759 0.294443139922 0.256754621849 0.15 1.0
0.0 0.553571429 0.9 0.0 0.371597021759 0.294443139922 0.256754621849 0.15 0.0
0.0 0.577889517201 0.9 0.0 0.741482005747 0.452711751365 0.633875633373 0.85 0.0
0.0 0.778262704267 0.9 0.0 0.631749070876 0.314077373384 0.177019764653 0.85 1.0
0.0 0.690076826068 0.9 0.0 0.411799957325 0.278578252624 0.553255298655 0.15 1.0
0.0 0.553571429 0.9 0.0 0.411799957325 0.278578252624 0.553255298655 0.15 0.0
0.0 0.597713963023 0.9 0.0 0.424459314625 0.550198369111 0.641553944998 0.85 1.0
0.0 0.553571429 0.9 0.0 0.424459314625 0.550198369111 0.641553944998 0.85 0.0
0.0 0.672081808401 0.9 0.0 0.690670145738 0.671155188467 0.786125376532 0.15 1.0
0.0 0.553571429 0.9 0.0 0.690670145738 0.671155188467 0.786125376532 0.15 0.0
0.0 0.701647360487 0.9 0.0 0.338492961276 0.652639827942 0.454763139694 0.15 1.0
0.0 0.827511970566 0.9 0.0 0.472036158843 0.325790870511 0.467948896527 0.15 1.0
0.0 0.612841762328 0.9 0.0 0.333056569528 0.439233617107 0.631164935867 0.15 1.0
0.0 0.612841762328 0.9 0.0 0.333056569528 0.439233617107 0.631164935867 0.15 1.0
0.0 0.659099564041 0.9 0.0 0.370436031512 0.720883157945 0.470117832846 0.15 0.0
0.0 0.809600118965 0.9 0.0 0.624028115445 0.342219194523 0.544128831481 0.15 1.0
0.0 0.673424223553 0.9 0.0 0.540710349763 0.582276692719 0.285101076114 0.15 1.0
0.0 0.73116410595 0.9 0.0 0.254784313616 0.696487124592 0.511595836322 0.15 1.0
0.0 0.607289212418 0.9 0.0 0.612327814592 0.444182575393 0.60775247636 0.85 1.0
0.0 0.553571429 0.9 0.0 0.612327814592 0.444182575393 0.60775247636 0.85 0.0
0.0 0.597207498044 0.9 0.0 0.272584553214 0.465315779215 0.597738678514 0.15 1.0
0.0 0.553571429 0.9 0.0 0.272584553214 0.465315779215 0.597738678514 0.15 0.0
0.0 0.615004286165 0.9 0.0 0.435121634927 0.536646705266 0.182709329896 0.15 1.0
0.0 0.553571429 0.9 0.0 0.435121634927 0.536646705266 0.182709329896 0.15 0.0
0.0 0.558400281234 0.9 1.0 0.521150749005 0.264496584955 0.585851016337 0.15 0.0
0.0 0.760636957746 0.9 0.0 0.629462587225 0.695290123309 0.326149094079 0.15 1.0
0.0 0.671723446148 0.9 0.0 0.484856391233 0.389060233919 0.471319354339 0.85 1.0
0.0 0.553571429 0.9 0.0 0.484856391233 0.389060233919 0.471319354339 0.85 0.0
0.0 0.675366696224 0.9 0.0 0.691854780426 0.584050755299 0.790245545425 0.15 1.0
0.0 0.620989189806 0.9 0.0 0.719167977925 0.426506528969 0.252869032186 0.15 1.0
0.0 0.553571429 0.9 0.0 0.719167977925 0.426506528969 0.252869032186 0.15 0.0
0.0 0.791043982582 0.9 0.0 0.410610236963 0.330174404798 0.357477560943 0.15 1.0
