0.0 0.327380952381 0.9 0.0 0.707681520969 0.5 0.727802788194 0.85 1.0
1.0 0.327380952381 0.9 1.0 0.707681520969 0.5 0.727802788194 0.85 0.0
0.0 0.777472644397 0.9 0.0 0.323222666798 0.30233835269 0.201829332665 0.85 0.0
0.0 0.553571429 0.9 0.0 0.323222666798 0.30233835269 0.201829332665 0.85 0.0
0.0 0.327380952381 0.9 0.0 0.323222666798 0.5 0.201829332665 0.85 1.0
0.0 0.575688775065 0.9 0.0 0.323222666798 0.5 0.201829332665 0.85 0.0
0.0 0.553571429 0.9 0.0 0.323222666798 0.5 0.201829332665 0.85 0.0
0.0 0.327380952381 0.9 0.0 0.323222666798 0.5 0.201829332665 0.85 1.0
1.0 0.327380952381 0.9 1.0 0.323222666798 0.5 0.201829332665 0.85 0.0
0.0 0.327380952381 0.9 0.0 0.323222666798 0.5 0.201829332665 0.85 1.0
0.0 0.327380952381 0.9 0.0 0.323222666798 0.5 0.201829332665 0.85 1.0
0.0 0.158639455988 0.9 0.0 0.323222666798 0.5 0.201829332665 0.85 1.0
0.0 0.327380952381 0.9 0.0 0.323222666798 0.5 0.201829332665 0.85 1.0
0.0 0.158639455988 0.9 0.0 0.323222666798 0.5 0.201829332665 0.85 1.0
0.0 0.553571429 0.9 0.0 0.256924543336 0.600070070824 0.472009123205 0.15 0.0
0.0 0.553571429 0.9 0.0 0.256924543336 0.399929929176 0.472009123205 0.15 0.0
0.0 0.553571429 0.9 1.0 0.256924543336 0.399929929176 0.472009123205 0.15 0.0
0.0 0.327380952381 0.9 0.0 0.381742910376 0.5 0.469275307765 0.85 1.0
0.0 0.548574994896 0.9 0.0 0.647580179026 0.399929929176 0.747673009832 0.15 0.0
0.0 0.548574994896 0.9 1.0 0.647580179026 0.399929929176 0.747673009832 0.15 0.0
0.0 0.171731021905 0.9 1.0 0.647580179026 0.399929929176 0.747673009832 0.15 0.0
1.0 0.553571429 0.9 0.0 0.305850893106 0.545361706666 0.781711068477 0.15 0.0
0.0 0.553571429 0.9 1.0 0.305850893106 0.454638293334 0.781711068477 0.15 0.0
0.0 0.327380952381 0.9 0.0 0.538706319115 0.5 0.537605493834 0.85 1.0
0.0 0.327380952381 0.9 0.0 0.336749491651 0.5 0.802418634642 0.85 1.0
0.0 0.710129943866 0.9 0.0 0.493899375943 0.302242961559 0.613312975753 0.15 0.0
1.0 0.553571429 0.9 0.0 0.755621787621 0.613540503439 0.474073616834 0.15 0.0
0.0 0.327380952381 0.9 0.0 0.557422046488 0.5 0.535010444211 0.85 1.0
0.0 0.327380952381 0.9 0.0 0.702215325885 0.5 0.432471875471 0.85 1.0
0.0 0.575688775065 0.9 0.0 0.702215325885 0.5 0.432471875471 0.85 0.0
0.0 0.553571429 0.9 0.0 0.702215325885 0.5 0.432471875471 0.85 0.0
0.0 0.327380952381 0.9 0.0 0.702215325885 0.5 0.432471875471 0.85 1.0
0.0 0.327380952381 0.9 0.0 0.642565827975 0.5 0.609116171366 0.85 1.0
0.0 0.553571429 0.9 0.0 0.642565827975 0.5 0.609116171366 0.85 0.0
0.0 0.327380952381 0.9 0.0 0.642565827975 0.5 0.609116171366 0.85 1.0
0.0 0.327380952381 0.9 0.0 0.373463568065 0.5 0.323234714006 0.85 1.0
0.0 0.259291632906 0.9 0.0 0.323018191832 0.6054286247 0.42134203209 0.85 0.0
0.0 0.259291632906 0.9 0.0 0.323018191832 0.5 0.42134203209 0.85 1.0
0.0 0.327380952381 0.9 0.0 0.495611412019 0.5 0.220290305089 0.85 1.0
0.0 0.553571429 0.9 1.0 0.49324015434 0.273531429895 0.541907935357 0.15 0.0
0.0 0.267902927694 0.9 0.0 0.495451861545 0.503848545264 0.53582250188 0.85 1.0
0.0 0.323835124708 0.9 0.0 0.407514167594 0.5 0.391644466162 0.85 1.0
0.0 0.327380952381 0.9 0.0 0.234820955758 0.5 0.501885863721 0.85 1.0
0.0 0.510133407504 0.9 0.0 0.58469823092 0.397773800139 0.329004982537 0.85 0.0
0.0 0.327380952381 0.9 0.0 0.58469823092 0.5 0.329004982537 0.85 1.0
0.0 0.633240086144 0.9 0.0 0.406609133369 0.566088817698 0.648070888739 0.85 0.0
0.0 0.553571429 0.9 0.0 0.406609133369 0.566088817698 0.648070888739 0.85 0.0
0.0 0.327380952381 0.9 0.0 0.406609133369 0.5 0.648070888739 0.85 1.0
0.0 0.327380952381 0.9 0.0 0.693398699061 0.5 0.562857309125 0.85 1.0
0.0 0.301259605807 0.9 0.0 0.286859173249 0.5 0.32387512315 0.85 1.0
0.0 0.327380952381 0.9 0.0 0.683526685266 0.5 0.449926524445 0.85 1.0
0.0 0.156696067188 0.9 0.0 0.262196775795 0.440022225289 0.444199868675 0.85 1.0
0.0 0.327380952381 0.9 0.0 0.627356899648 0.5 0.174073148863 0.85 1.0
0.0 0.327380952381 0.9 0.0 0.283629391491 0.5 0.358072010175 0.85 1.0
0.0 0.327380952381 0.9 0.0 0.335616161616 0.5 0.40719133584 0.85 1.0
0.0 0.667252667478 0.9 0.0 0.258958443053 0.628702948334 0.308613451112 0.15 0.0
0.0 0.327380952381 0.9 0.0 0.246773433439 0.5 0.442498876908 0.85 1.0
0.0 0.481435227107 0.9 0.0 0.610372154629 0.578141326661 0.354905458033 0.85 0.0
0.0 0.327380952381 0.9 0.0 0.610372154629 0.5 0.354905458033 0.85 1.0
0.0 0.327380952381 0.9 0.0 0.34659074292 0.5 0.470508595924 0.85 1.0
0.0 0.298680620465 0.9 0.0 0.509176622572 0.482160642372 0.530198629775 0.85 1.0
0.0 0.327380952381 0.9 0.0 0.303512875408 0.5 0.756417919564 0.85 1.0
0.0 0.327380952381 0.9 0.0 0.402937014912 0.5 0.620438397832 0.85 1.0
0.0 0.327380952381 0.9 0.0 0.402937014912 0.5 0.620438397832 0.85 1.0
0.0 0.327380952381 0.9 0.0 0.686069184992 0.5 0.285363994082 0.85 1.0
0.0 0.327380952381 0.9 0.0 0.248495782661 0.5 0.614134956674 0.85 1.0
0.0 0.225831093735 0.9 0.0 0.454328056419 0.407212206151 0.27439530642 0.85 1.0
1.0 0.553571429 0.9 0.0 0.521513637026 0.584322914819 0.573989503706 0.15 0.0
0.0 0.327380952381 0.9 0.0 0.486845023251 0.5 0.560463009182 0.85 1.0
0.0 0.279095035909 0.9 0.0 0.579230501663 0.5 0.626355907395 0.85 1.0
0.0 0.327380952381 0.9 0.0 0.609524516904 0.5 0.189845970127 0.85 1.0
0.0 0.521849967586 0.9 0.0 0.346541173835 0.472059720264 0.79088824498 0.85 0.0
0.0 0.327380952381 0.9 0.0 0.346541173835 0.5 0.79088824498 0.85 1.0
0.0 0.29239927759 0.9 0.0 0.60590184326 0.437834615539 0.475058447359 0.85 1.0
0.0 0.345848194994 0.9 0.0 0.388301308299 0.558179974093 0.501286438057 0.85 0.0
0.0 0.327380952381 0.9 0.0 0.388301308299 0.5 0.501286438057 0.85 1.0
0.0 0.327380952381 0.9 0.0 0.711942186888 0.5 0.699052954692 0.85 1.0
0.0 0.411883407642 0.9 0.0 0.699735970221 0.585816075031 0.205070318811 0.85 0.0
0.0 0.327380952381 0.9 0.0 0.699735970221 0.5 0.205070318811 0.85 1.0
0.0 0.269000143167 0.9 0.0 0.445057997349 0.5 0.564025377652 0.85 1.0
0.0 0.327380952381 0.9 0.0 0.683668857164 0.5 0.209683363607 0.85 1.0
0.0 0.327380952381 0.9 0.0 0.53549912076 0.5 0.175580206447 0.85 1.0
0.0 0.327380952381 0.9 0.0 0.526702615804 0.5 0.551434659063 0.85 1.0
0.0 0.327380952381 0.9 0.0 0.604629345704 0.5 0.291321456027 0.85 1.0
0.0 0.327420633157 0.9 0.0 0.693508989359 0.496664528621 0.588109267137 0.85 0.0
0.0 0.327380952381 0.9 0.0 0.693508989359 0.5 0.588109267137 0.85 1.0
0.0 0.327380952381 0.9 0.0 0.392667491377 0.5 0.496239724183 0.85 1.0
0.0 0.33653316948 0.9 0.0 0.757774705016 0.42364074846 0.609821367808 0.85 0.0
0.0 0.327380952381 0.9 0.0 0.757774705016 0.5 0.609821367808 0.85 1.0
0.0 0.553571429 0.9 0.0 0.757774705016 0.5 0.609821367808 0.85 0.0
0.0 0.327380952381 0.9 0.0 0.757774705016 0.5 0.609821367808 0.85 1.0
0.0 0.327380952381 0.9 0.0 0.528467935535 0.5 0.300331308424 0.85 1.0
0.0 0.327380952381 0.9 0.0 0.672892115119 0.5 0.506660596477 0.85 1.0
0.0 0.327380952381 0.9 0.0 0.719728279736 0.5 0.561531074622 0.85 1.0
0.0 0.327380952381 0.9 0.0 0.338258458757 0.5 0.276192269072 0.85 1.0
0.0 0.327380952381 0.9 0.0 0.630985659494 0.5 0.547645620219 0.85 1.0
0.0 0.327380952381 0.9 0.0 0.658706834438 0.5 0.27263533039 0.85 1.0
0.0 0.327380952381 0.9 0.0 0.576181064122 0.5 0.317712769711 0.85 1.0
0.0 0.327380952381 0.9 0.0 0.727825711252 0.5 0.453650623174 0.85 1.0
0.0 0.327380952381 0.9 0.0 0.397311629655 0.5 0.582045833695 0.85 1.0
0.0 0.327380952381 0.9 0.0 0.600979188733 0.5 0.50231367087 0.85 1.0
0.0 0.327380952381 0.9 0.0 0.651043096383 0.5 0.51002077216 0.85 1.0
0.0 0.553571429 0.9 1.0 0.5 0.313930815008 0.535714285714 0.15 0.0
0.0 0.327380952381 0.9 0.0 0.424410765203 0.5 0.36103321551 0.85 1.0
0.0 0.3107208811 0.9 0.0 0.405943901797 0.5 0.610477317232 0.85 1.0
0.0 0.277623978132 0.9 0.0 0.576523300813 0.387364731738 0.473954132297 0.85 0.0
0.0 0.277623978132 0.9 0.0 0.576523300813 0.5 0.473954132297 0.85 1.0
0.0 0.327380952381 0.9 0.0 0.40976384068 0.5 0.60619082794 0.85 1.0
0.0 0.327380952381 0.9 0.0 0.585961441184 0.5 0.570041710654 0.85 1.0
0.0 0.327380952381 0.9 0.0 0.585961441184 0.5 0.570041710654 0.85 1.0
0.0 0.301259605807 0.9 0.0 0.368121170226 0.553552669413 0.342405891507 0.85 1.0
0.0 0.327380952381 0.9 0.0 0.732965399558 0.5 0.489290373666 0.85 1.0
0.0 0.327380952381 0.9 0.0 0.521699779236 0.5 0.155795151919 0.85 1.0
0.0 0.383355901095 0.9 0.0 0.612744277047 0.44015019212 0.495922929442 0.85 0.0
0.0 0.327380952381 0.9 0.0 0.612744277047 0.5 0.495922929442 0.85 1.0
0.0 0.327380952381 0.9 0.0 0.316222701066 0.5 0.378252347005 0.85 1.0
0.0 0.327380952381 0.9 0.0 0.69522997348 0.5 0.718547774376 0.85 1.0
0.0 0.327380952381 0.9 0.0 0.268767292059 0.5 0.671432157192 0.85 1.0
0.0 0.327380952381 0.9 0.0 0.335013088833 0.5 0.551276108883 0.85 1.0
0.0 0.327380952381 0.9 0.0 0.726616583274 0.5 0.546581888804 0.85 1.0
0.0 0.336610933548 0.9 0.0 0.337588539683 0.413304578232 0.717870690129 0.85 0.0
0.0 0.327380952381 0.9 0.0 0.337588539683 0.5 0.717870690129 0.85 1.0
0.0 0.518552135275 0.9 0.0 0.457182867336 0.511681930904 0.370243888275 0.85 0.0
0.0 0.327380952381 0.9 0.0 0.457182867336 0.5 0.370243888275 0.85 1.0
0.0 0.222942438624 0.9 0.0 0.277275268692 0.5 0.363425812599 0.85 1.0
0.0 0.327380952381 0.9 0.0 0.670400955615 0.5 0.608848504338 0.85 1.0
0.0 0.243315029886 0.9 0.0 0.305191878233 0.437715710997 0.50810287626 0.85 1.0
0.0 0.658325129396 0.9 0.0 0.431469988542 0.380580034445 0.629084029607 0.85 0.0
0.0 0.327380952381 0.9 0.0 0.431469988542 0.5 0.629084029607 0.85 1.0
0.0 0.327380952381 0.9 0.0 0.394628847198 0.5 0.696254760761 0.85 1.0
0.0 0.327380952381 0.9 0.0 0.620401039651 0.5 0.485316939207 0.85 1.0
0.0 0.441678040528 0.9 0.0 0.282713003 0.4599937061 0.590510146199 0.85 0.0
0.0 0.327380952381 0.9 0.0 0.282713003 0.5 0.590510146199 0.85 1.0
0.0 0.190990872455 0.9 0.0 0.421539897802 0.514417202048 0.575547035909 0.85 1.0
0.0 0.327380952381 0.9 0.0 0.380458531212 0.5 0.256330119653 0.85 1.0
0.0 0.327380952381 0.9 0.0 0.56755370633 0.5 0.572684612908 0.85 1.0
0.0 0.323394903194 0.9 0.0 0.432530641332 0.5 0.640551757698 0.85 1.0
0.0 0.290586917478 0.9 0.0 0.776981126507 0.5 0.42665944689 0.85 1.0
0.0 0.327380952381 0.9 0.0 0.364800455832 0.5 0.366865038856 0.85 1.0
0.0 0.41877890467 0.9 0.0 0.76062395741 0.522179500944 0.329123582954 0.85 0.0
0.0 0.327380952381 0.9 0.0 0.76062395741 0.5 0.329123582954 0.85 1.0
0.0 0.327380952381 0.9 0.0 0.407392447602 0.5 0.308737704972 0.85 1.0
0.0 0.327380952381 0.9 0.0 0.296660475118 0.5 0.495692430728 0.85 1.0
0.0 0.327380952381 0.9 0.0 0.617256622928 0.5 0.408032269221 0.85 1.0
0.0 0.351529413716 0.9 0.0 0.281168731397 0.490504239604 0.447211237811 0.85 0.0
0.0 0.327380952381 0.9 0.0 0.281168731397 0.5 0.447211237811 0.85 1.0
0.0 0.327380952381 0.9 0.0 0.785282648421 0.5 0.522844293004 0.85 1.0
0.0 0.327380952381 0.9 0.0 0.741482005747 0.5 0.633875633373 0.85 1.0
0.0 0.327380952381 0.9 0.0 0.631749070876 0.5 0.177019764653 0.85 1.0
0.0 0.327380952381 0.9 0.0 0.231389812584 0.5 0.51752327698 0.85 1.0
0.0 0.327380952381 0.9 0.0 0.455445567645 0.5 0.485756466471 0.85 1.0
0.0 0.327380952381 0.9 0.0 0.393268391368 0.5 0.456335522552 0.85 1.0
0.0 0.327380952381 0.9 0.0 0.424459314625 0.5 0.641553944998 0.85 1.0
0.0 0.327380952381 0.9 0.0 0.384006877324 0.5 0.42665944689 0.85 1.0
0.0 0.28016149136 0.9 0.0 0.389691698146 0.488805603623 0.466740461863 0.85 1.0
0.0 0.327380952381 0.9 0.0 0.523313139713 0.5 0.520632582019 0.85 1.0
0.0 0.209359862479 0.9 0.0 0.432975462634 0.5 0.195753995766 0.85 1.0
0.0 0.260833687753 0.9 0.0 0.669545792088 0.5 0.194230889689 0.85 1.0
0.0 0.73116410595 0.9 0.0 0.254784313616 0.696487124592 0.511595836322 0.15 0.0
0.0 0.476309511907 0.9 0.0 0.461810927241 0.449635456767 0.194117772333 0.85 0.0
0.0 0.327380952381 0.9 0.0 0.461810927241 0.5 0.194117772333 0.85 1.0
0.0 0.367520840897 0.9 0.0 0.250240986099 0.564999105979 0.518274229254 0.85 0.0
0.0 0.327380952381 0.9 0.0 0.250240986099 0.5 0.518274229254 0.85 1.0
0.0 0.327380952381 0.9 0.0 0.612327814592 0.5 0.60775247636 0.85 1.0
0.0 0.327380952381 0.9 0.0 0.305850893106 0.5 0.781711068477 0.85 1.0
0.0 0.558400281234 0.9 1.0 0.521150749005 0.264496584955 0.585851016337 0.15 0.0
0.0 0.311544508724 0.9 0.0 0.611604534695 0.524246384694 0.33622198038 0.85 1.0
0.0 0.327380952381 0.9 0.0 0.484856391233 0.5 0.471319354339 0.85 1.0
0.0 0.327380952381 0.9 0.0 0.374895213623 0.5 0.53889918042 0.85 1.0
0.0 0.327380952381 0.9 0.0 0.693611674472 0.5 0.613361353108 0.85 1.0
0.0 0.620989189806 0.9 0.0 0.719167977925 0.426506528969 0.252869032186 0.15 0.0
0.0 0.338937715754 0.9 0.0 0.700775421867 0.539177902302 0.617630167368 0.85 0.0
0.0 0.327380952381 0.9 0.0 0.700775421867 0.5 0.617630167368 0.85 1.0
0.0 0.327380952381 0.9 0.0 0.741308634204 0.5 0.424186638018 0.85 1.0
0.0 0.219401642282 0.9 0.0 0.415117410103 0.350455688543 0.417492749325 0.85 0.0
0.0 0.219401642282 0.9 0.0 0.415117410103 0.5 0.417492749325 0.85 1.0
0.0 0.327380952381 0.9 0.0 0.394877212772 0.5 0.493787508392 0.85 1.0
0.0 0.327380952381 0.9 0.0 0.679833422432 0.5 0.32387512315 0.85 1.0
0.0 0.327380952381 0.9 0.0 0.556358658128 0.5 0.174073148863 0.85 1.0
0.0 0.327380952381 0.9 0.0 0.335502754925 0.5 0.475058447359 0.85 1.0
0.0 0.327380952381 0.9 0.0 0.271542637501 0.5 0.640551757698 0.85 1.0
0.0 0.327380952381 0.9 0.0 0.37567079128 0.5 0.280472004632 0.85 1.0
0.0 0.327380952381 0.9 0.0 0.642089679693 0.5 0.622352432396 0.85 1.0
0.0 0.266435115683 0.9 0.0 0.735842204752 0.558476741661 0.498882920679 0.85 1.0
0.0 0.327380952381 0.9 0.0 0.270917011278 0.5 0.496470017947 0.85 1.0
0.0 0.327380952381 0.9 0.0 0.701328620296 0.5 0.533464750406 0.85 1.0
0.0 0.327380952381 0.9 0.0 0.566404086472 0.5 0.516297601091 0.85 1.0
0.0 0.327380952381 0.9 0.0 0.303512875408 0.5 0.293431336645 0.85 1.0
0.0 0.327380952381 0.9 0.0 0.465941411364 0.5 0.319534214757 0.85 1.0
0.0 0.327380952381 0.9 0.0 0.283803084018 0.5 0.522706284378 0.85 1.0
0.0 0.327380952381 0.9 0.0 0.294251361365 0.5 0.676992929892 0.85 1.0
0.0 0.387779356129 0.9 0.0 0.484921507103 0.485300751649 0.572684612908 0.85 0.0
0.0 0.327380952381 0.9 0.0 0.484921507103 0.5 0.572684612908 0.85 1.0
0.0 0.327380952381 0.9 0.0 0.731986245352 0.5 0.654761904762 0.85 1.0
0.0 0.454670512382 0.9 1.0 0.437715710997 0.205593028177 0.60567767882 0.15 0.0
0.0 0.401641136396 0.9 0.0 0.674872352208 0.453981913191 0.417492749325 0.85 0.0
0.0 0.327380952381 0.9 0.0 0.674872352208 0.5 0.417492749325 0.85 1.0
0.0 0.327380952381 0.9 0.0 0.689341206434 0.5 0.617822523996 0.85 1.0
0.0 0.327380952381 0.9 0.0 0.3227192969 0.5 0.759004234028 0.85 1.0
0.0 0.327380952381 0.9 0.0 0.347871179879 0.5 0.620701871246 0.85 1.0
0.0 0.327380952381 0.9 0.0 0.534124545708 0.5 0.187369944672 0.85 1.0
0.0 0.327380952381 0.9 0.0 0.54995595138 0.5 0.391089139549 0.85 1.0
0.0 0.327380952381 0.9 0.0 0.481902995524 0.5 0.292743584677 0.85 1.0
0.0 0.327380952381 0.9 0.0 0.677949172256 0.5 0.847458495933 0.85 1.0
0.0 0.20588914438 0.9 0.0 0.664529500771 0.5 0.806045071044 0.85 1.0
0.0 0.327380952381 0.9 0.0 0.556556698994 0.5 0.491731640468 0.85 1.0
0.0 0.327380952381 0.9 0.0 0.308760535921 0.5 0.482967374249 0.85 1.0
0.0 0.327380952381 0.9 0.0 0.656170920441 0.5 0.746589033399 0.85 1.0
0.0 0.327380952381 0.9 0.0 0.364800455832 0.5 0.609821367808 0.85 1.0
0.0 0.327380952381 0.9 0.0 0.700112597978 0.5 0.752300445149 0.85 1.0
0.0 0.295445008537 0.9 0.0 0.362189118763 0.445684138394 0.369954152346 0.85 1.0
0.0 0.327380952381 0.9 0.0 0.349225274225 0.5 0.668513342132 0.85 1.0
0.0 0.327380952381 0.9 0.0 0.528126477362 0.5 0.252344702138 0.85 1.0
0.0 0.288505780205 0.9 0.0 0.261625600584 0.529297700907 0.487102362767 0.85 1.0
0.0 0.327380952381 0.9 0.0 0.666061063913 0.5 0.644204537762 0.85 1.0
0.0 0.327380952381 0.9 0.0 0.694517282017 0.5 0.415508006265 0.85 1.0
0.0 0.327380952381 0.9 0.0 0.636087736331 0.5 0.743554867551 0.85 1.0
0.0 0.327380952381 0.9 0.0 0.480460898948 0.5 0.567569263766 0.85 1.0
0.0 0.327380952381 0.9 0.0 0.590152619082 0.5 0.319857235853 0.85 1.0
0.0 0.324194980741 0.9 0.0 0.316667852157 0.403559003585 0.44152004958 0.85 1.0
0.0 0.327380952381 0.9 0.0 0.726365277305 0.5 0.304868900352 0.85 1.0
0.0 0.327380952381 0.9 0.0 0.594639766265 0.5 0.380562489708 0.85 1.0
0.0 0.327380952381 0.9 0.0 0.539177902302 0.5 0.567930383155 0.85 1.0
0.0 0.327380952381 0.9 0.0 0.274552792618 0.5 0.427567661846 0.85 1.0
0.0 0.327380952381 0.9 0.0 0.719167977925 0.5 0.485316939207 0.85 1.0
0.0 0.327380952381 0.9 0.0 0.255205421904 0.5 0.64862493167 0.85 1.0
0.0 0.327380952381 0.9 0.0 0.658033316294 0.5 0.183354423711 0.85 1.0
0.0 0.400483064858 0.9 0.0 0.703434648518 0.479914231771 0.487277694202 0.85 0.0
0.0 0.327380952381 0.9 0.0 0.703434648518 0.5 0.487277694202 0.85 1.0
0.0 0.327380952381 0.9 0.0 0.573546477989 0.5 0.558844689405 0.85 1.0
0.0 0.651205196003 0.9 0.0 0.309613499466 0.266467096288 0.571428571429 0.15 0.0
0.0 0.229306544962 0.9 0.0 0.342690777711 0.5 0.447680318816 0.85 1.0
0.0 0.327380952381 0.9 0.0 0.710686356599 0.5 0.622925679944 0.85 1.0
0.0 0.327380952381 0.9 0.0 0.751808355126 0.5 0.437460209935 0.85 1.0
0.0 0.327380952381 0.9 0.0 0.518162581192 0.5 0.53744360376 0.85 1.0
0.0 0.327380952381 0.9 0.0 0.430024964133 0.5 0.463100107098 0.85 1.0
0.0 0.327380952381 0.9 0.0 0.531599155551 0.5 0.25896372165 0.85 1.0
0.0 0.327380952381 0.9 0.0 0.299583745455 0.5 0.684964605733 0.85 1.0
0.0 0.327380952381 0.9 0.0 0.512928573936 0.5 0.226651990375 0.85 1.0
0.0 0.329242151994 0.9 0.0 0.558365106159 0.546777571959 0.498882920679 0.85 0.0
0.0 0.327380952381 0.9 0.0 0.558365106159 0.5 0.498882920679 0.85 1.0
0.0 0.327380952381 0.9 0.0 0.368616979357 0.5 0.617052795883 0.85 1.0
0.0 0.327380952381 0.9 0.0 0.596651981123 0.5 0.639221235204 0.85 1.0
0.0 0.327380952381 0.9 0.0 0.602431026389 0.5 0.568755086936 0.85 1.0
0.0 0.327380952381 0.9 0.0 0.253456893975 0.5 0.495086959998 0.85 1.0
0.0 0.327380952381 0.9 0.0 0.403716668714 0.5 0.388303388985 0.85 1.0
0.0 0.327380952381 0.9 0.0 0.358911421918 0.5 0.704986378721 0.85 1.0
0.0 0.298892611465 0.9 0.0 0.480793578508 0.344000583424 0.191390590724 0.85 0.0
0.0 0.298892611465 0.9 0.0 0.480793578508 0.5 0.191390590724 0.85 1.0
0.0 0.327380952381 0.9 0.0 0.426689211289 0.5 0.602173669734 0.85 1.0
0.0 0.327380952381 0.9 0.0 0.426689211289 0.5 0.602173669734 0.85 1.0
0.0 0.243315029886 0.9 0.0 0.702171945414 0.5 0.251437293324 0.85 1.0
0.0 0.327380952381 0.9 0.0 0.551910405188 0.5 0.343249710451 0.85 1.0
0.0 0.327380952381 0.9 0.0 0.624616436122 0.5 0.267169718988 0.85 1.0
0.0 0.327380952381 0.9 0.0 0.516976092673 0.5 0.495461845555 0.85 1.0
0.0 0.327380952381 0.9 0.0 0.725383775543 0.5 0.647886118818 0.85 1.0
0.0 0.327380952381 0.9 0.0 0.507214591001 0.5 0.500257501389 0.85 1.0
0.0 0.327380952381 0.9 0.0 0.660613490373 0.5 0.676191367265 0.85 1.0
0.0 0.327380952381 0.9 0.0 0.45603464051 0.5 0.527820380328 0.85 1.0
0.0 0.322633487121 0.9 0.0 0.254129406272 0.5 0.524800823 0.85 1.0
0.0 0.327380952381 0.9 0.0 0.659352895238 0.5 0.791686118684 0.85 1.0
1.0 0.285101076114 0.9 0.0 0.522314027823 0.701698353595 0.616017204478 0.15 0.0
1.0 0.553571429 0.9 0.0 0.705748638635 0.661329772987 0.676992929892 0.15 0.0
0.0 0.327380952381 0.9 0.0 0.689021425811 0.5 0.445205444103 0.85 1.0
0.0 0.327380952381 0.9 0.0 0.260575793012 0.5 0.5217117448 0.85 1.0
0.0 0.327380952381 0.9 0.0 0.413405374027 0.5 0.26694030564 0.85 1.0
0.0 0.369374164867 0.9 0.0 0.202621859314 0.490851329962 0.56736282453 0.85 0.0
0.0 0.327380952381 0.9 0.0 0.202621859314 0.5 0.56736282453 0.85 1.0
0.0 0.327380952381 0.9 0.0 0.540802393607 0.5 0.357514735744 0.85 1.0
0.0 0.201332062876 0.9 0.0 0.495235334702 0.5 0.506065749355 0.85 1.0
0.0 0.327380952381 0.9 0.0 0.706357336162 0.5 0.521213895692 0.85 1.0
0.0 0.327380952381 0.9 0.0 0.483064886062 0.5 0.584945687713 0.85 1.0
0.0 0.244486463919 0.9 0.0 0.295548205049 0.487706208067 0.542095527911 0.85 1.0
0.0 0.327380952381 0.9 0.0 0.314542863149 0.5 0.453928954815 0.85 1.0
0.0 0.327380952381 0.9 0.0 0.575986828776 0.5 0.298892611465 0.85 1.0
0.0 0.327380952381 0.9 0.0 0.213757359449 0.5 0.384412629852 0.85 1.0
0.0 0.329321180602 0.9 0.0 0.673388616927 0.476717765188 0.793978547086 0.85 0.0
0.0 0.327380952381 0.9 0.0 0.673388616927 0.5 0.793978547086 0.85 1.0
0.0 0.327380952381 0.9 0.0 0.672606974708 0.5 0.675857144283 0.85 1.0
0.0 0.327380952381 0.9 0.0 0.421934806988 0.5 0.462613005056 0.85 1.0
0.0 0.327380952381 0.9 0.0 0.507214591001 0.5 0.500257501389 0.85 1.0
0.0 0.327380952381 0.9 0.0 0.722412142745 0.5 0.409911108644 0.85 1.0
0.0 0.327380952381 0.9 0.0 0.374456217834 0.5 0.648163257012 0.85 1.0
0.0 0.327380952381 0.9 0.0 0.408142221112 0.5 0.461301892502 0.85 1.0
0.0 0.327380952381 0.9 0.0 0.76443460055 0.5 0.571274613378 0.85 1.0
0.0 0.327380952381 0.9 0.0 0.70561355486 0.5 0.457965027351 0.85 1.0
0.0 0.15637465003 0.9 0.0 0.514040026749 0.527086614239 0.411549635668 0.85 1.0
0.0 0.226498220802 0.9 0.0 0.673806271259 0.5 0.671275264824 0.85 1.0
0.0 0.327380952381 0.9 0.0 0.714887831713 0.5 0.281888431406 0.85 1.0
0.0 0.214338856308 0.9 0.0 0.319217510887 0.504466939114 0.618975610927 0.85 1.0
0.0 0.327380952381 0.9 0.0 0.5157559482 0.5 0.542979176829 0.85 1.0
0.0 0.323394903194 0.9 0.0 0.610037696035 0.5 0.551962889097 0.85 1.0
0.0 0.327380952381 0.9 0.0 0.225944765545 0.5 0.336183066786 0.85 1.0
0.0 0.308572025135 0.9 0.0 0.277275268692 0.5 0.68507476703 0.85 1.0
0.0 0.327380952381 0.9 0.0 0.306388325528 0.5 0.24715686703 0.85 1.0
0.0 0.327380952381 0.9 0.0 0.270351772346 0.5 0.645271472346 0.85 1.0
0.0 0.327380952381 0.9 0.0 0.248191644874 0.5 0.437460209935 0.85 1.0
0.0 0.327380952381 0.9 0.0 0.504034733652 0.5 0.250047999951 0.85 1.0
0.0 0.327380952381 0.9 0.0 0.664462435673 0.5 0.738177906066 0.85 1.0
0.0 0.327380952381 0.9 0.0 0.714887831713 0.5 0.682824481859 0.85 1.0
0.0 0.234906398746 0.9 0.0 0.294474333834 0.5 0.230524925239 0.85 1.0
0.0 0.327380952381 0.9 0.0 0.303512875408 0.5 0.59647710001 0.85 1.0
0.0 0.308572025135 0.9 0.0 0.234852651586 0.429419645358 0.331331724715 0.85 1.0
0.0 0.217932853684 0.9 0.0 0.278299971118 0.5 0.633969742898 0.85 1.0
0.0 0.327380952381 0.9 0.0 0.278299971118 0.5 0.633969742898 0.85 1.0
0.0 0.327380952381 0.9 0.0 0.432343594506 0.5 0.504817563856 0.85 1.0
0.0 0.327380952381 0.9 0.0 0.365180084034 0.5 0.553676772197 0.85 1.0
0.0 0.327380952381 0.9 0.0 0.369307628973 0.5 0.560932122547 0.85 1.0
0.0 0.327380952381 0.9 0.0 0.447189687985 0.5 0.477528258589 0.85 1.0
0.0 0.327380952381 0.9 0.0 0.76190263361 0.5 0.499656498104 0.85 1.0
0.0 0.327380952381 0.9 0.0 0.734106323219 0.5 0.302396085281 0.85 1.0
