0.0 0.553571429 0.9 0.0 0.318810627826 0.379211774313 0.707454997986 0.85 1.0
0.0 0.327380952381 0.9 0.0 0.318810627826 0.5 0.707454997986 0.85 0.0
0.0 0.553571429 0.9 0.0 0.318810627826 0.318810627826 0.707454997986 0.85 1.0
0.0 0.381978821703 0.9 0.0 0.778876356744 0.458195277615 0.583736768721 0.85 1.0
0.0 0.327380952381 0.9 0.0 0.778876356744 0.5 0.583736768721 0.85 0.0
0.0 0.542979176829 0.9 0.0 0.287027754879 0.747742193552 0.711922670021 0.85 1.0
0.0 0.618207086691 0.9 0.0 0.308417642527 0.404806749733 0.739747085565 0.15 1.0
0.0 0.327380952381 0.9 0.0 0.308417642527 0.5 0.739747085565 0.15 0.0
0.0 0.603940048759 0.9 0.0 0.729892778091 0.400599307093 0.450019923939 0.85 1.0
0.0 0.558086405742 0.9 0.0 0.595193250267 0.56448794115 0.393825219727 0.85 1.0
0.0 0.327380952381 0.9 0.0 0.595193250267 0.5 0.393825219727 0.85 0.0
0.0 0.343441272772 0.9 0.0 0.332352100634 0.75390917108 0.283475953874 0.85 1.0
0.0 0.458824042826 0.9 0.0 0.453109888608 0.257703094278 0.583736768721 0.85 1.0
0.0 0.248460691439 0.9 0.0 0.665077696881 0.608743698038 0.317915527434 0.15 1.0
0.0 0.248460691439 0.9 0.0 0.665077696881 0.5 0.317915527434 0.15 0.0
0.0 0.719055228591 0.9 0.0 0.343378700387 0.659921922883 0.358406062623 0.85 0.0
0.0 0.553571429 0.9 0.0 0.343378700387 0.659921922883 0.358406062623 0.85 1.0
0.0 0.438223682793 0.9 0.0 0.220734232192 0.440656747089 0.46395155638 0.15 1.0
0.0 0.327380952381 0.9 0.0 0.220734232192 0.5 0.46395155638 0.15 0.0
0.0 0.342405891507 0.9 0.0 0.448615172142 0.368121170226 0.318725619243 0.15 1.0
0.0 0.327380952381 0.9 0.0 0.448615172142 0.5 0.318725619243 0.15 0.0
0.0 0.553571429 0.9 0.0 0.456551777204 0.650413908834 0.569887442678 0.15 1.0
0.0 0.553571429 0.9 0.0 0.278431694247 0.639179963831 0.59585786604 0.15 1.0
0.0 0.571531191061 0.9 0.0 0.789926839251 0.495687062206 0.550006354825 0.85 0.0
0.0 0.553571429 0.9 0.0 0.789926839251 0.495687062206 0.550006354825 0.85 0.0
0.0 0.475296948398 0.9 0.0 0.31821212376 0.467335604115 0.239333171988 0.15 1.0
0.0 0.327380952381 0.9 0.0 0.31821212376 0.5 0.239333171988 0.15 0.0
0.0 0.608264161624 0.9 0.0 0.331521467953 0.373932008757 0.596749393248 0.15 1.0
0.0 0.380172293959 0.9 0.0 0.367888881363 0.328867254807 0.707883570801 0.15 1.0
0.0 0.569836012342 0.9 0.0 0.264780652879 0.554471076363 0.617918683483 0.85 1.0
0.0 0.475356558706 0.9 0.0 0.577067159037 0.357065544821 0.293216537403 0.85 1.0
0.0 0.553571429 0.9 0.0 0.241072422145 0.681237133757 0.323995096808 0.85 1.0
0.0 0.546608502807 0.9 0.0 0.610939766081 0.737803224205 0.671723446148 0.85 1.0
0.0 0.377610715357 0.9 0.0 0.423374378057 0.696487124592 0.611375254154 0.15 1.0
0.0 0.553571429 0.9 0.0 0.665957717775 0.680167211664 0.779939276097 0.15 1.0
0.0 0.563921630234 0.9 0.0 0.676948023539 0.528406041628 0.851975288781 0.15 1.0
0.0 0.485697881292 0.9 0.0 0.786851338078 0.767067479234 0.48835778637 0.15 1.0
0.0 0.333685639757 0.9 0.0 0.588738549297 0.376650904491 0.395101668413 0.15 1.0
0.0 0.578397711184 0.9 0.0 0.747233932696 0.222064011041 0.486839270481 0.15 1.0
0.0 0.548044082196 0.9 0.0 0.555559379131 0.652056971996 0.637630884861 0.15 1.0
0.0 0.428183092122 0.9 0.0 0.29127630561 0.307361420672 0.483555624334 0.15 1.0
0.0 0.235156560638 0.9 0.0 0.346028271574 0.608471324518 0.602664764227 0.15 1.0
0.0 0.722788256716 0.9 0.0 0.586826198117 0.301011207024 0.475952333314 0.15 0.0
0.0 0.553571429 0.9 0.0 0.586826198117 0.301011207024 0.475952333314 0.15 1.0
0.0 0.352544764709 0.9 0.0 0.666073456799 0.481035761566 0.818050745411 0.85 1.0
0.0 0.327380952381 0.9 0.0 0.666073456799 0.5 0.818050745411 0.85 0.0
0.0 0.525598260996 0.9 0.0 0.641119744791 0.625292872265 0.571223286396 0.15 1.0
0.0 0.489901607898 0.9 0.0 0.320009924378 0.672240739898 0.775197334129 0.85 1.0
0.0 0.647054102705 0.9 0.0 0.620712849017 0.418891318296 0.304283437778 0.15 0.0
0.0 0.553571429 0.9 0.0 0.620712849017 0.418891318296 0.304283437778 0.15 1.0
0.0 0.55167241406 0.9 0.0 0.567257215105 0.755109316921 0.486020029576 0.15 1.0
0.0 0.563013167173 0.9 0.0 0.621296395522 0.309688785403 0.63446362507 0.85 1.0
0.0 0.552411557898 0.9 0.0 0.224315106334 0.212105456389 0.39472251493 0.15 1.0
0.0 0.646614618582 0.9 0.0 0.322148121689 0.367468889854 0.729307632397 0.15 0.0
0.0 0.553571429 0.9 0.0 0.322148121689 0.367468889854 0.729307632397 0.15 1.0
0.0 0.378750822073 0.9 0.0 0.340078077117 0.385344699743 0.719055228591 0.15 1.0
0.0 0.472398636727 0.9 0.0 0.487805998718 0.233155559498 0.613965800659 0.15 1.0
0.0 0.503936658788 0.9 0.0 0.696487124592 0.306893415275 0.402864528971 0.15 1.0
0.0 0.218772943421 0.9 0.0 0.381454157992 0.562356698604 0.663616916696 0.15 1.0
0.0 0.592504690584 0.9 0.0 0.652471397642 0.351155014125 0.650445838628 0.15 1.0
0.0 0.535849553127 0.9 0.0 0.270549227062 0.387057642886 0.233351431324 0.15 1.0
0.0 0.716408859977 0.9 0.0 0.633722730289 0.356851353797 0.745606146217 0.15 0.0
0.0 0.553571429 0.9 0.0 0.633722730289 0.356851353797 0.745606146217 0.15 1.0
0.0 0.606093113247 0.9 0.0 0.627310199037 0.54334176528 0.528477321594 0.15 0.0
0.0 0.553571429 0.9 0.0 0.627310199037 0.54334176528 0.528477321594 0.15 1.0
0.0 0.691722604881 0.9 0.0 0.555626145924 0.663926784093 0.582752988654 0.15 0.0
0.0 0.553571429 0.9 0.0 0.555626145924 0.663926784093 0.582752988654 0.15 1.0
0.0 0.580452121211 0.9 0.0 0.672156788499 0.523451806754 0.574500555411 0.85 0.0
0.0 0.553571429 0.9 0.0 0.672156788499 0.523451806754 0.574500555411 0.85 1.0
0.0 0.553571429 0.9 0.0 0.24640444377 0.631711903268 0.308737704972 0.85 1.0
0.0 0.230930109431 0.9 0.0 0.528583596728 0.288460272522 0.24643051031 0.15 1.0
0.0 0.427275900266 0.9 0.0 0.365628847431 0.450616530863 0.497534007742 0.15 1.0
0.0 0.388163699828 0.9 0.0 0.721232650528 0.73609673514 0.435035605707 0.15 1.0
0.0 0.453928954815 0.9 0.0 0.374201110672 0.347850267468 0.288549245614 0.15 1.0
0.0 0.644181326968 0.9 0.0 0.703339524882 0.656305084196 0.495692430728 0.15 1.0
0.0 0.652124626727 0.9 0.0 0.718596802714 0.315806667342 0.548574994896 0.15 1.0
0.0 0.464801763962 0.9 0.0 0.317793070254 0.790675660674 0.766277756398 0.15 1.0
0.0 0.503936658788 0.9 0.0 0.683558550656 0.699867664459 0.369845457104 0.85 1.0
0.0 0.312325498381 0.9 0.0 0.662066338434 0.279064029056 0.433338464672 0.15 1.0
0.0 0.597343128344 0.9 0.0 0.456301351685 0.46244308048 0.39472251493 0.15 0.0
0.0 0.553571429 0.9 0.0 0.456301351685 0.46244308048 0.39472251493 0.15 1.0
0.0 0.242923709417 0.9 0.0 0.327181257206 0.303512875408 0.460171350352 0.15 1.0
0.0 0.508780449694 0.9 0.0 0.604629345704 0.476245440053 0.408569763191 0.85 1.0
0.0 0.599639218855 0.9 0.0 0.579126938052 0.673010382607 0.569887442678 0.15 1.0
0.0 0.48187759353 0.9 0.0 0.286859173249 0.647103655455 0.32387512315 0.15 1.0
0.0 0.636998494376 0.9 0.0 0.361249820772 0.405172502655 0.672171373603 0.15 0.0
0.0 0.553571429 0.9 0.0 0.361249820772 0.405172502655 0.672171373603 0.15 1.0
0.0 0.498395356185 0.9 0.0 0.726241182485 0.744532771309 0.554939611431 0.15 1.0
0.0 0.436950645603 0.9 0.0 0.622575160848 0.406796172426 0.184523809524 0.15 1.0
0.0 0.253630377202 0.9 0.0 0.712972245121 0.384006877324 0.711922670021 0.15 1.0
0.0 0.6561343141 0.9 0.0 0.630138887025 0.314383210856 0.587507772654 0.15 1.0
0.0 0.615969001925 0.9 0.0 0.458683900386 0.608743698038 0.460263098124 0.85 1.0
0.0 0.553571429 0.9 0.0 0.620604124479 0.32962644883 0.458701404526 0.15 1.0
0.0 0.532622570758 0.9 0.0 0.496029298897 0.670587820816 0.631046857239 0.15 1.0
0.0 0.575445009666 0.9 0.0 0.556962215888 0.305029070039 0.381978821703 0.15 1.0
0.0 0.412316997773 0.9 0.0 0.464204111672 0.556529387294 0.590585042785 0.15 1.0
0.0 0.559889208219 0.9 0.0 0.265323802649 0.611088355557 0.545276496586 0.15 1.0
0.0 0.553571429 0.9 0.0 0.33644947194 0.673806271259 0.810763061948 0.15 1.0
0.0 0.756114335514 0.9 0.0 0.357340613624 0.358087914189 0.531507045744 0.15 0.0
0.0 0.553571429 0.9 0.0 0.357340613624 0.358087914189 0.531507045744 0.15 1.0
0.0 0.517439783147 0.9 0.0 0.522344144011 0.215693661163 0.281357858544 0.15 1.0
0.0 0.205288874424 0.9 0.0 0.615993122676 0.686744967187 0.187080735015 0.15 1.0
0.0 0.599417337247 0.9 0.0 0.726130371104 0.404421865149 0.237002295922 0.85 1.0
0.0 0.497534007742 0.9 0.0 0.541316099614 0.556015347965 0.243021579184 0.15 1.0
0.0 0.311009330195 0.9 0.0 0.547829606031 0.711186372943 0.256848890568 0.15 1.0
0.0 0.693446930036 0.9 0.0 0.468889467221 0.277546608257 0.552807193311 0.15 0.0
0.0 0.643716962757 0.9 0.0 0.496476638925 0.708916537316 0.303613344668 0.15 1.0
0.0 0.553571429 0.9 0.0 0.546890111392 0.469394360939 0.583736768721 0.15 1.0
0.0 0.425001302489 0.9 0.0 0.631666231417 0.66153543223 0.603768506898 0.15 1.0
0.0 0.33622198038 0.9 0.0 0.628702948334 0.317397223785 0.667252667478 0.15 1.0
0.0 0.570529998229 0.9 0.0 0.246164735913 0.469693024983 0.399595735971 0.15 1.0
0.0 0.68540516041 0.9 0.0 0.691767398251 0.312677497444 0.550297552881 0.85 0.0
0.0 0.553571429 0.9 0.0 0.691767398251 0.312677497444 0.550297552881 0.85 1.0
0.0 0.553571429 0.9 0.0 0.703127383656 0.512395228005 0.356733454962 0.85 0.0
0.0 0.542416991373 0.9 0.0 0.72001891062 0.292365950601 0.329084052969 0.15 1.0
0.0 0.59647710001 0.9 0.0 0.357571971613 0.53549912076 0.587658194269 0.85 0.0
0.0 0.553571429 0.9 0.0 0.357571971613 0.53549912076 0.587658194269 0.85 1.0
0.0 0.647678199434 0.9 0.0 0.615993122676 0.735093851683 0.37341973314 0.15 1.0
0.0 0.49690158668 0.9 0.0 0.664383838384 0.713595690208 0.670310813285 0.15 1.0
0.0 0.491615610973 0.9 0.0 0.413919887941 0.544122434206 0.639711699147 0.15 1.0
0.0 0.504107253729 0.9 0.0 0.562875972903 0.4712607249 0.335715843927 0.15 1.0
0.0 0.36602577933 0.9 0.0 0.335183083265 0.371645646671 0.347673709141 0.15 1.0
0.0 0.331646290385 0.9 0.0 0.670698664928 0.745870593728 0.371798288764 0.85 1.0
0.0 0.779683061821 0.9 0.0 0.569623666468 0.321101807518 0.400960230187 0.85 0.0
0.0 0.553571429 0.9 0.0 0.569623666468 0.321101807518 0.400960230187 0.85 1.0
0.0 0.489144751164 0.9 0.0 0.686211734935 0.717286997 0.803494620459 0.15 1.0
0.0 0.341291221452 0.9 0.0 0.743115471888 0.282902961336 0.630503455969 0.15 1.0
0.0 0.598232809482 0.9 0.0 0.38319462311 0.424101875338 0.700848294096 0.85 1.0
0.0 0.622925679944 0.9 0.0 0.487706208067 0.588111195751 0.608020546886 0.15 0.0
0.0 0.553571429 0.9 0.0 0.487706208067 0.588111195751 0.608020546886 0.15 1.0
0.0 0.590485178914 0.9 0.0 0.42912337985 0.337752735778 0.370714343589 0.15 1.0
0.0 0.815324525151 0.9 0.0 0.601928835339 0.672785986634 0.496844061655 0.85 0.0
0.0 0.553571429 0.9 0.0 0.601928835339 0.672785986634 0.496844061655 0.85 1.0
0.0 0.492224520116 0.9 0.0 0.709111507911 0.795519078843 0.298171402592 0.85 1.0
0.0 0.403712422678 0.9 0.0 0.410244484041 0.534290554427 0.338666867309 0.85 1.0
0.0 0.327380952381 0.9 0.0 0.410244484041 0.5 0.338666867309 0.85 0.0
0.0 0.595064463023 0.9 0.0 0.461074036361 0.674340262288 0.188235940456 0.15 1.0
0.0 0.381412769901 0.9 0.0 0.326842690131 0.382676170847 0.468552181903 0.15 1.0
0.0 0.659099564041 0.9 0.0 0.239338786421 0.672091091238 0.411816670036 0.15 1.0
0.0 0.46819028505 0.9 0.0 0.698166127417 0.545902130767 0.50810287626 0.15 1.0
0.0 0.368212118828 0.9 0.0 0.680442861366 0.217551434225 0.800397767364 0.15 1.0
0.0 0.650307693127 0.9 0.0 0.399265800753 0.381409996443 0.230322156925 0.15 0.0
0.0 0.553571429 0.9 0.0 0.399265800753 0.381409996443 0.230322156925 0.15 1.0
0.0 0.77341261019 0.9 0.0 0.481727063643 0.691767398251 0.615052552063 0.85 0.0
0.0 0.553571429 0.9 0.0 0.481727063643 0.691767398251 0.615052552063 0.85 1.0
0.0 0.479159263162 0.9 0.0 0.444182575393 0.475065377216 0.607289212418 0.15 1.0
0.0 0.437460209935 0.9 0.0 0.640850578536 0.248191644874 0.739685198629 0.85 1.0
0.0 0.553571429 0.9 0.0 0.384006877324 0.668051407366 0.37341973314 0.15 1.0
0.0 0.389837438964 0.9 0.0 0.362560140999 0.605520702421 0.222942438624 0.15 1.0
0.0 0.39472251493 0.9 0.0 0.601293874324 0.456301351685 0.515600139774 0.15 1.0
0.0 0.651297188457 0.9 0.0 0.444003797606 0.692386259517 0.631825833035 0.15 1.0
0.0 0.588860416539 0.9 0.0 0.64092774546 0.414183924969 0.549768007567 0.15 1.0
0.0 0.25896372165 0.9 0.0 0.578065193012 0.614231354778 0.656499879757 0.15 1.0
0.0 0.791063447908 0.9 0.0 0.494788770997 0.684913204723 0.166728663909 0.85 0.0
0.0 0.553571429 0.9 0.0 0.494788770997 0.684913204723 0.166728663909 0.85 1.0
0.0 0.553571429 0.9 0.0 0.654919086315 0.487904183634 0.56805930837 0.85 0.0
0.0 0.637279622093 0.9 0.0 0.509176622572 0.260136825467 0.530198629775 0.15 1.0
0.0 0.553571429 0.9 0.0 0.569623666468 0.365678259869 0.444294217623 0.85 1.0
0.0 0.503339208265 0.9 0.0 0.315416986696 0.543282845079 0.323394903194 0.15 1.0
0.0 0.407224998975 0.9 0.0 0.212813306658 0.309515927249 0.403136004749 0.15 1.0
0.0 0.424317066413 0.9 0.0 0.638750179228 0.313204736236 0.672171373603 0.15 1.0
0.0 0.605702122731 0.9 0.0 0.249197013803 0.416257152455 0.467133476386 0.15 1.0
0.0 0.527245008945 0.9 0.0 0.71891450772 0.324718656347 0.633169436639 0.15 1.0
0.0 0.58022415149 0.9 0.0 0.494677926885 0.551471694235 0.44060282255 0.15 1.0
0.0 0.494769570309 0.9 0.0 0.450175305259 0.193657788959 0.542845366459 0.15 1.0
0.0 0.454176247262 0.9 0.0 0.462751430994 0.434301727409 0.603229110101 0.15 1.0
0.0 0.502655704633 0.9 0.0 0.362560140999 0.240171357742 0.564932496296 0.15 1.0
0.0 0.553123533976 0.9 0.0 0.301130326707 0.792843971943 0.764875941945 0.15 1.0
0.0 0.424219248053 0.9 0.0 0.283272678077 0.751192666844 0.349681121967 0.85 1.0
0.0 0.551223250489 0.9 0.0 0.389474316592 0.354128724611 0.368212118828 0.15 1.0
0.0 0.307078007836 0.9 0.0 0.384006877324 0.286201684153 0.493209089077 0.15 1.0
0.0 0.589510768569 0.9 0.0 0.27492927868 0.738291846977 0.656248571884 0.85 1.0
0.0 0.471439372021 0.9 0.0 0.634046671328 0.337498858307 0.323995096808 0.15 1.0
0.0 0.471169297916 0.9 0.0 0.597720186318 0.289232680563 0.646984727238 0.15 1.0
0.0 0.581464422377 0.9 0.0 0.460665444508 0.446447330587 0.375143410052 0.85 1.0
0.0 0.59585786604 0.9 0.0 0.421089364139 0.742404184951 0.475773663588 0.15 1.0
0.0 0.381412769901 0.9 0.0 0.548045646718 0.77565042003 0.317550495736 0.15 1.0
0.0 0.453928954815 0.9 0.0 0.324414735246 0.707517112333 0.738363879859 0.15 1.0
0.0 0.244242726659 0.9 0.0 0.560480566523 0.347211523723 0.328490684207 0.85 1.0
0.0 0.549370573268 0.9 0.0 0.37580734977 0.72173524994 0.368357526094 0.15 1.0
0.0 0.585172128982 0.9 0.0 0.287565880909 0.599905569058 0.277400614413 0.15 1.0
0.0 0.542845366459 0.9 0.0 0.27826475006 0.450175305259 0.549370573268 0.15 1.0
0.0 0.659167859509 0.9 0.0 0.254129406272 0.591995162277 0.524800823 0.15 0.0
0.0 0.553571429 0.9 0.0 0.254129406272 0.591995162277 0.524800823 0.15 1.0
0.0 0.554913326415 0.9 0.0 0.614579718635 0.655684730985 0.352131367313 0.85 1.0
0.0 0.376002997939 0.9 0.0 0.562115972022 0.420457229915 0.31694143041 0.15 1.0
0.0 0.579387625899 0.9 0.0 0.535835830082 0.763625688922 0.50640573127 0.15 1.0
0.0 0.500829343728 0.9 0.0 0.612942357114 0.681189372174 0.535849553127 0.85 1.0
0.0 0.571146288768 0.9 0.0 0.7705402707 0.211436028996 0.501400659022 0.15 1.0
0.0 0.257649222198 0.9 0.0 0.268443608481 0.362766556115 0.573810546555 0.85 1.0
0.0 0.425879772151 0.9 0.0 0.513995192488 0.595193250267 0.626165753431 0.15 1.0
0.0 0.396924593637 0.9 0.0 0.280555279736 0.328041370015 0.569913156406 0.85 1.0
0.0 0.553571429 0.9 0.0 0.686384531687 0.651853246327 0.715008190218 0.15 1.0
0.0 0.544048687697 0.9 0.0 0.597830541484 0.608961937451 0.614931881367 0.15 1.0
0.0 0.705072367868 0.9 0.0 0.303512875408 0.654120757525 0.293431336645 0.15 0.0
0.0 0.553571429 0.9 0.0 0.303512875408 0.654120757525 0.293431336645 0.15 1.0
0.0 0.414014599458 0.9 0.0 0.523385570277 0.235517223988 0.454886619523 0.85 1.0
0.0 0.321790391935 0.9 0.0 0.276571542905 0.742122931357 0.507509398426 0.15 1.0
0.0 0.553571429 0.9 0.0 0.619270339271 0.514107818774 0.490599410908 0.15 0.0
0.0 0.214126237361 0.9 0.0 0.384006877324 0.712299904953 0.253630377202 0.85 1.0
0.0 0.402728738115 0.9 0.0 0.395370654296 0.225571592825 0.64306637752 0.15 1.0
0.0 0.645503217627 0.9 0.0 0.611182654526 0.393590781881 0.573196627953 0.85 0.0
0.0 0.553571429 0.9 0.0 0.611182654526 0.393590781881 0.573196627953 0.85 1.0
0.0 0.683619420526 0.9 0.0 0.786851338078 0.345691644627 0.48835778637 0.15 0.0
0.0 0.553571429 0.9 0.0 0.786851338078 0.345691644627 0.48835778637 0.15 1.0
0.0 0.279806323042 0.9 0.0 0.732715616979 0.271747435285 0.28928744967 0.15 1.0
0.0 0.371545582436 0.9 0.0 0.372021355308 0.737450368054 0.659145095019 0.15 1.0
0.0 0.532405057337 0.9 0.0 0.475864656212 0.447030035692 0.437109934609 0.15 1.0
0.0 0.631046857239 0.9 0.0 0.742733765308 0.264043053546 0.407628788767 0.15 1.0
0.0 0.627377154999 0.9 0.0 0.247251322403 0.712014764541 0.541559407853 0.15 1.0
0.0 0.375895631095 0.9 0.0 0.382316530229 0.484947397114 0.274935255795 0.15 0.0
0.0 0.528258415252 0.9 0.0 0.437967852795 0.393268391368 0.36602577933 0.15 1.0
0.0 0.681365043795 0.9 0.0 0.3813873377 0.292985402026 0.389419520696 0.85 0.0
0.0 0.553571429 0.9 0.0 0.3813873377 0.292985402026 0.389419520696 0.85 1.0
0.0 0.50810287626 0.9 0.0 0.427084744836 0.572232960918 0.191675788956 0.15 1.0
0.0 0.642787385199 0.9 0.0 0.583141259477 0.697869293827 0.592504690584 0.85 1.0
0.0 0.503253811366 0.9 0.0 0.520085768229 0.797336638501 0.400483064858 0.15 1.0
0.0 0.488561912151 0.9 0.0 0.634266059033 0.34881776282 0.428118342585 0.15 1.0
0.0 0.449801967933 0.9 0.0 0.213360256327 0.441887061055 0.501657579344 0.15 1.0
0.0 0.604723722364 0.9 0.0 0.5 0.475270103174 0.494047619048 0.85 0.0
0.0 0.553571429 0.9 0.0 0.5 0.475270103174 0.494047619048 0.85 1.0
0.0 0.613361353108 0.9 0.0 0.321143056516 0.699362574711 0.598257507095 0.15 1.0
0.0 0.50478916698 0.9 0.0 0.343598615218 0.317022710326 0.725141871346 0.85 1.0
0.0 0.200667833381 0.9 0.0 0.591247596739 0.373588937725 0.231385381656 0.15 1.0
0.0 0.377895987256 0.9 0.0 0.670858215402 0.295035607 0.786418898562 0.15 1.0
0.0 0.591707544489 0.9 0.0 0.303512875408 0.222081892192 0.747999981693 0.15 1.0
0.0 0.553571429 0.9 0.0 0.385186940162 0.654547148024 0.445299624936 0.85 1.0
0.0 0.586052042617 0.9 0.0 0.739094106335 0.448959765832 0.551461080448 0.85 1.0
0.0 0.553571429 0.9 0.0 0.399869722759 0.356238180571 0.553123533976 0.15 1.0
0.0 0.394929360593 0.9 0.0 0.264007733035 0.558476741661 0.550085785044 0.15 1.0
0.0 0.569064096029 0.9 0.0 0.554705542252 0.631488018612 0.210221825856 0.15 1.0
0.0 0.484025811273 0.9 0.0 0.510164126521 0.519774570047 0.613699905165 0.15 1.0
0.0 0.476309511907 0.9 0.0 0.58840444803 0.505002836567 0.654967921293 0.15 0.0
0.0 0.263065567755 0.9 0.0 0.35730426152 0.579261621849 0.255763368844 0.15 1.0
0.0 0.311009330195 0.9 0.0 0.332389760603 0.711186372943 0.465681032869 0.15 1.0
0.0 0.421440371174 0.9 0.0 0.395370654296 0.266360638772 0.291321456027 0.85 1.0
0.0 0.414546067405 0.9 0.0 0.427084744836 0.275829185508 0.191675788956 0.85 1.0
0.0 0.545969472783 0.9 0.0 0.426651916242 0.303512875408 0.21049072704 0.85 1.0
0.0 0.227726468182 0.9 0.0 0.520973846774 0.720817460684 0.591782314911 0.85 1.0
0.0 0.329952908706 0.9 0.0 0.211655096521 0.668285474402 0.467193916774 0.85 1.0
0.0 0.652492092229 0.9 0.0 0.331453155144 0.343258389163 0.787318440062 0.15 1.0
0.0 0.285714285714 0.9 0.0 0.390545915294 0.377424839152 0.288375356158 0.15 1.0
0.0 0.529761904762 0.9 0.0 0.212696402378 0.747143738855 0.461759593494 0.15 1.0
0.0 0.42134203209 0.9 0.0 0.696487124592 0.715992441016 0.773253795307 0.85 1.0
0.0 0.245994002535 0.9 0.0 0.462219709846 0.605043542639 0.434875720197 0.15 1.0
0.0 0.553571429 0.9 0.0 0.364800455832 0.6772807031 0.29744894487 0.15 1.0
0.0 0.357737723679 0.9 0.0 0.483206769034 0.512498350495 0.590884550112 0.15 0.0
0.0 0.33524814055 0.9 0.0 0.647103655455 0.754963866253 0.267261446181 0.15 1.0
0.0 0.232596559232 0.9 0.0 0.635199544168 0.351721821826 0.505697226829 0.15 1.0
0.0 0.491267390133 0.9 0.0 0.489129664552 0.301787556713 0.429088782534 0.15 1.0
0.0 0.458609408715 0.9 0.0 0.257938886081 0.385159750163 0.53147981392 0.85 1.0
0.0 0.496383667884 0.9 0.0 0.258727696783 0.478195413406 0.330071258801 0.85 1.0
0.0 0.339285714286 0.9 0.0 0.358087914189 0.5 0.756114335514 0.15 0.0
0.0 0.536714603843 0.9 0.0 0.664134695453 0.209810520346 0.827455822136 0.85 1.0
0.0 0.31694143041 0.9 0.0 0.280414367744 0.359528223373 0.337465464019 0.85 1.0
0.0 0.811905523078 0.9 0.0 0.205179515864 0.661307920763 0.441393624755 0.15 0.0
0.0 0.553571429 0.9 0.0 0.205179515864 0.661307920763 0.441393624755 0.15 1.0
0.0 0.708076356119 0.9 0.0 0.808956886192 0.649101019618 0.549238042645 0.15 0.0
0.0 0.553571429 0.9 0.0 0.808956886192 0.649101019618 0.549238042645 0.15 1.0
0.0 0.541881132074 0.9 0.0 0.227738599833 0.701266960296 0.445393790054 0.85 1.0
0.0 0.34298138977 0.9 0.0 0.307613740483 0.404208245666 0.651297188457 0.15 1.0
0.0 0.52276149139 0.9 0.0 0.249041799046 0.623257579169 0.368066668156 0.15 1.0
0.0 0.451201660095 0.9 0.0 0.469269672364 0.560654226899 0.366755652446 0.15 1.0
0.0 0.548813767918 0.9 0.0 0.363207004915 0.267121868312 0.682316191538 0.15 1.0
0.0 0.650560940937 0.9 0.0 0.692473963344 0.443405587103 0.668130850749 0.15 0.0
0.0 0.553571429 0.9 0.0 0.692473963344 0.443405587103 0.668130850749 0.15 1.0
0.0 0.640854883948 0.9 0.0 0.558721771139 0.715906099284 0.162481752152 0.15 1.0
0.0 0.575113320815 0.9 0.0 0.408142221112 0.242225294984 0.295487746345 0.15 1.0
0.0 0.553571429 0.9 0.0 0.273869628896 0.330080964333 0.237002295922 0.85 1.0
0.0 0.384799541757 0.9 0.0 0.277993276659 0.562721233367 0.418284593861 0.85 1.0
0.0 0.582121634411 0.9 0.0 0.251386367328 0.675437825369 0.633805043509 0.15 1.0
0.0 0.399356580233 0.9 0.0 0.443443301006 0.405873588371 0.491731640468 0.85 1.0
0.0 0.621730913624 0.9 0.0 0.65718203614 0.303512875408 0.741766278896 0.15 1.0
0.0 0.379604191455 0.9 0.0 0.284691042664 0.601293874324 0.720913271144 0.85 1.0
0.0 0.212260001192 0.9 0.0 0.337054994285 0.577651224537 0.794075556784 0.15 1.0
0.0 0.296512135136 0.9 0.0 0.327551886827 0.333994828663 0.582879191358 0.85 1.0
0.0 0.529625367896 0.9 0.0 0.340929009812 0.706229281996 0.191675788956 0.85 1.0
0.0 0.382155581786 0.9 0.0 0.285015163571 0.337229305365 0.336766421883 0.15 1.0
0.0 0.50071501747 0.9 0.0 0.45338296824 0.487981601294 0.619935142282 0.85 0.0
0.0 0.585373349001 0.9 0.0 0.689131151759 0.319967710219 0.453619689086 0.85 1.0
0.0 0.528258415252 0.9 0.0 0.604248561862 0.393268391368 0.675099051436 0.85 1.0
0.0 0.411115417956 0.9 0.0 0.619963823779 0.766929245643 0.216404828657 0.15 1.0
0.0 0.298680620465 0.9 0.0 0.67602670269 0.32117263854 0.653776845537 0.15 1.0
0.0 0.25557426137 0.9 0.0 0.24704418569 0.300702036645 0.46395155638 0.15 1.0
0.0 0.657047905381 0.9 0.0 0.309276260609 0.319805574677 0.794541059941 0.15 1.0
0.0 0.434811753069 0.9 0.0 0.301374678097 0.40930043125 0.37341973314 0.85 1.0
0.0 0.545623074995 0.9 0.0 0.320938720724 0.330496776429 0.243803587003 0.15 1.0
0.0 0.411115417956 0.9 0.0 0.578858893323 0.233070754357 0.456950971591 0.15 1.0
0.0 0.260833687753 0.9 0.0 0.622298724301 0.654715332992 0.1978293251 0.15 1.0
0.0 0.444671455502 0.9 0.0 0.293642663838 0.79827153785 0.521213895692 0.15 1.0
0.0 0.462826162374 0.9 0.0 0.801116470296 0.365678259869 0.461301892502 0.15 1.0
0.0 0.444797145375 0.9 0.0 0.759800370682 0.547829606031 0.385256418571 0.85 1.0
0.0 0.644946910856 0.9 0.0 0.395610056306 0.384878564309 0.512522159748 0.15 0.0
0.0 0.553571429 0.9 0.0 0.395610056306 0.384878564309 0.512522159748 0.15 1.0
0.0 0.654761904762 0.9 0.0 0.297485724235 0.268013754648 0.579844036708 0.15 1.0
0.0 0.501828800495 0.9 0.0 0.720862905766 0.248807333156 0.443413011976 0.15 1.0
0.0 0.603572409194 0.9 0.0 0.542789868586 0.268425904485 0.545409817367 0.15 1.0
0.0 0.656910935261 0.9 0.0 0.280832022075 0.369408424768 0.578296102015 0.15 0.0
0.0 0.553571429 0.9 0.0 0.280832022075 0.369408424768 0.578296102015 0.15 1.0
0.0 0.260787050799 0.9 0.0 0.75438908225 0.359421173668 0.559863114835 0.15 1.0
0.0 0.629368130243 0.9 0.0 0.348507756564 0.720441771281 0.539760226821 0.15 1.0
0.0 0.53582250188 0.9 0.0 0.544729584143 0.77494722679 0.383003163904 0.15 1.0
0.0 0.809371171826 0.9 0.0 0.504632344166 0.3216754566 0.523919743638 0.15 0.0
0.0 0.553571429 0.9 0.0 0.504632344166 0.3216754566 0.523919743638 0.15 1.0
0.0 0.504675566544 0.9 0.0 0.22683804513 0.789799393935 0.578473908347 0.15 1.0
0.0 0.542497332831 0.9 0.0 0.562538445886 0.367888881363 0.169688877039 0.85 1.0
0.0 0.191675788956 0.9 0.0 0.341383253847 0.659070990188 0.383355901095 0.85 1.0
0.0 0.63246257629 0.9 0.0 0.688095133482 0.283876600083 0.508441754434 0.15 1.0
0.0 0.502399196959 0.9 0.0 0.47162138084 0.733903258996 0.354232175759 0.85 1.0
0.0 0.38609879784 0.9 0.0 0.686211734935 0.593550986042 0.188466460788 0.15 1.0
0.0 0.384518180763 0.9 0.0 0.193896775161 0.74915139157 0.545623074995 0.15 1.0
0.0 0.39781650824 0.9 0.0 0.610990286108 0.233329533863 0.546581888804 0.15 1.0
0.0 0.235006484713 0.9 0.0 0.510564497976 0.6178741036 0.303948523915 0.15 1.0
0.0 0.537821285202 0.9 0.0 0.26759187448 0.438162584907 0.586905765678 0.15 1.0
0.0 0.553571429 0.9 0.0 0.570751844512 0.337933661566 0.60619082794 0.85 1.0
0.0 0.205725544422 0.9 0.0 0.339011996168 0.712709490666 0.77380952381 0.15 1.0
0.0 0.546448802827 0.9 0.0 0.374895213623 0.313008635804 0.53889918042 0.15 1.0
0.0 0.406686130161 0.9 0.0 0.26894204418 0.240767980339 0.522623464955 0.15 1.0
0.0 0.571274613378 0.9 0.0 0.567675734488 0.467551644802 0.616017204478 0.15 1.0
0.0 0.57073548959 0.9 0.0 0.352218364695 0.670489225732 0.490134297714 0.15 1.0
0.0 0.451201660095 0.9 0.0 0.675378266942 0.340578834828 0.729975595889 0.15 1.0
0.0 0.553571429 0.9 0.0 0.375971884555 0.333391028121 0.544128831481 0.15 1.0
0.0 0.557850903611 0.9 0.0 0.398999414142 0.788791644392 0.547645620219 0.15 1.0
0.0 0.648509539039 0.9 0.0 0.346658854864 0.603841394996 0.543166465921 0.15 0.0
0.0 0.553571429 0.9 0.0 0.346658854864 0.603841394996 0.543166465921 0.15 1.0
0.0 0.659623009553 0.9 0.0 0.265323802649 0.302160590324 0.545276496586 0.15 1.0
0.0 0.607167251737 0.9 0.0 0.739687747333 0.663038574114 0.615824375297 0.85 1.0
0.0 0.553571429 0.9 0.0 0.292948377433 0.352419820974 0.479159263162 0.15 1.0
0.0 0.56805930837 0.9 0.0 0.230283329986 0.261944837131 0.52276149139 0.15 1.0
0.0 0.743883399812 0.9 0.0 0.333808508213 0.299852036574 0.682316191538 0.15 0.0
0.0 0.553571429 0.9 0.0 0.333808508213 0.299852036574 0.682316191538 0.15 1.0
0.0 0.292872625638 0.9 0.0 0.308232601749 0.336842901589 0.550297552881 0.15 1.0
0.0 0.376396477302 0.9 0.0 0.482411067891 0.739200836353 0.304618086887 0.15 1.0
0.0 0.290932746612 0.9 0.0 0.552969964308 0.387255722953 0.532405057337 0.15 1.0
0.0 0.288157889916 0.9 0.0 0.588626913794 0.727597657371 0.344244969578 0.15 1.0
0.0 0.500028616555 0.9 0.0 0.26579987282 0.502405456418 0.553597766025 0.15 0.0
0.0 0.395067211469 0.9 0.0 0.668066543812 0.684193332658 0.512157406741 0.85 1.0
0.0 0.581135585031 0.9 0.0 0.790189479654 0.437680775209 0.536714603843 0.15 1.0
0.0 0.506660596477 0.9 0.0 0.615993122676 0.771659053392 0.493209089077 0.85 1.0
0.0 0.553571429 0.9 0.0 0.484010595741 0.325026512434 0.62652225233 0.15 1.0
0.0 0.482849655243 0.9 0.0 0.34458004458 0.769234814358 0.576362706977 0.15 1.0
0.0 0.524800823 0.9 0.0 0.401408993609 0.745870593728 0.532051443048 0.15 1.0
0.0 0.540029073127 0.9 0.0 0.452711751365 0.412360079927 0.577889517201 0.15 1.0
0.0 0.553571429 0.9 0.0 0.482000479028 0.651814495525 0.543380445759 0.15 1.0
0.0 0.553571429 0.9 0.0 0.49770487928 0.621810101529 0.529789208687 0.15 1.0
0.0 0.432471875471 0.9 0.0 0.32855565866 0.420359834964 0.849655519677 0.15 1.0
0.0 0.33337249204 0.9 0.0 0.738665893811 0.496708411303 0.282285900739 0.85 0.0
0.0 0.583761975744 0.9 0.0 0.580494001916 0.381164099945 0.445644820268 0.85 1.0
0.0 0.486371268565 0.9 0.0 0.714229326816 0.76157133864 0.653134736079 0.15 1.0
0.0 0.553571429 0.9 0.0 0.518022636114 0.660627000941 0.459834817448 0.15 1.0
0.0 0.44655387083 0.9 0.0 0.617090375189 0.494733932072 0.487890955362 0.15 0.0
0.0 0.611448011475 0.9 0.0 0.605371152802 0.438218002874 0.696254760761 0.15 0.0
0.0 0.553571429 0.9 0.0 0.605371152802 0.438218002874 0.696254760761 0.15 1.0
0.0 0.530962192495 0.9 0.0 0.450154100379 0.19839008818 0.512494109303 0.15 1.0
0.0 0.710386284833 0.9 0.0 0.62046006179 0.690138863716 0.626427202627 0.15 0.0
0.0 0.553571429 0.9 0.0 0.62046006179 0.690138863716 0.626427202627 0.15 1.0
0.0 0.594965225657 0.9 0.0 0.373136541876 0.766718502845 0.187369944672 0.15 1.0
0.0 0.642298902634 0.9 0.0 0.654919086315 0.382257429078 0.56805930837 0.15 0.0
0.0 0.553571429 0.9 0.0 0.654919086315 0.382257429078 0.56805930837 0.15 1.0
0.0 0.689775607213 0.9 0.0 0.227331811286 0.293094935809 0.344206729919 0.15 0.0
0.0 0.553571429 0.9 0.0 0.227331811286 0.293094935809 0.344206729919 0.15 1.0
0.0 0.514314804201 0.9 0.0 0.65917517196 0.406116555446 0.702402518695 0.15 1.0
0.0 0.501200758529 0.9 0.0 0.279844493611 0.662428535955 0.460171350352 0.85 1.0
0.0 0.429767069493 0.9 0.0 0.564136832818 0.659902651955 0.514762173089 0.85 1.0
0.0 0.56612288293 0.9 0.0 0.676777333202 0.650117668383 0.843583236091 0.15 1.0
0.0 0.660986866207 0.9 0.0 0.688009856183 0.288655087676 0.377895987256 0.15 1.0
0.0 0.637490399325 0.9 0.0 0.345153456263 0.454476952471 0.414446457494 0.85 0.0
0.0 0.553571429 0.9 0.0 0.345153456263 0.454476952471 0.414446457494 0.85 1.0
0.0 0.440127804406 0.9 0.0 0.440819108112 0.378051450683 0.566717301371 0.15 1.0
0.0 0.395790323004 0.9 0.0 0.481271924344 0.546547137412 0.358480264765 0.15 1.0
0.0 0.555701431473 0.9 0.0 0.688984119641 0.319128512251 0.72312489009 0.15 1.0
0.0 0.420291966194 0.9 0.0 0.419505998084 0.315231259056 0.577406389442 0.15 1.0
0.0 0.327420633157 0.9 0.0 0.606731608632 0.705923220028 0.168643951752 0.15 1.0
0.0 0.532051443048 0.9 0.0 0.311580244931 0.401408993609 0.794773722597 0.85 1.0
0.0 0.458824042826 0.9 0.0 0.55337953783 0.78389665054 0.246382035195 0.15 1.0
0.0 0.631849425748 0.9 0.0 0.502316370629 0.286672614613 0.523837080538 0.15 1.0
0.0 0.450424478063 0.9 0.0 0.561287580424 0.713140826751 0.249086811811 0.15 1.0
0.0 0.434811753069 0.9 0.0 0.556439831122 0.508067369523 0.253487743531 0.15 0.0
0.0 0.463100107098 0.9 0.0 0.700927637681 0.269036960301 0.592380195384 0.15 1.0
0.0 0.289764400802 0.9 0.0 0.801285850891 0.683602900093 0.512157406741 0.15 1.0
0.0 0.553571429 0.9 0.0 0.311015880359 0.329875694916 0.72312489009 0.15 1.0
0.0 0.553255298655 0.9 0.0 0.317397223785 0.588200042675 0.487978513523 0.15 1.0
0.0 0.553571429 0.9 0.0 0.32962644883 0.706905064191 0.325312669187 0.15 1.0
0.0 0.638777208592 0.9 0.0 0.27968312004 0.257399483775 0.544769633418 0.15 1.0
0.0 0.300331308424 0.9 0.0 0.607097361555 0.2580688472 0.554860753308 0.15 1.0
0.0 0.543834923569 0.9 0.0 0.744075108931 0.520240197331 0.571043611899 0.85 1.0
0.0 0.431056730979 0.9 0.0 0.468889467221 0.736859171414 0.504817563856 0.15 1.0
0.0 0.661962831755 0.9 0.0 0.5287392751 0.335961230606 0.504107253729 0.15 0.0
0.0 0.553571429 0.9 0.0 0.5287392751 0.335961230606 0.504107253729 0.15 1.0
0.0 0.340482358705 0.9 0.0 0.709305392019 0.266717521807 0.538414346261 0.15 1.0
0.0 0.36103321551 0.9 0.0 0.666608971879 0.575589234797 0.516827160051 0.85 1.0
0.0 0.522623464955 0.9 0.0 0.594056098203 0.661916293364 0.367302338472 0.15 1.0
0.0 0.553571429 0.9 0.0 0.801808516046 0.680588324115 0.498911588964 0.15 1.0
0.0 0.567646662479 0.9 0.0 0.67769217506 0.292775753567 0.666035099705 0.85 1.0
0.0 0.312037929964 0.9 0.0 0.360647226563 0.261795210847 0.680368444766 0.15 1.0
0.0 0.552965382257 0.9 0.0 0.468889467221 0.642801312469 0.360848675494 0.15 1.0
0.0 0.408838304948 0.9 0.0 0.391822308184 0.468889467221 0.562753383966 0.15 1.0
0.0 0.491760644398 0.9 0.0 0.448382883279 0.334623408188 0.403949586583 0.15 1.0
0.0 0.432503995648 0.9 0.0 0.190314889796 0.373136541876 0.554860753308 0.85 1.0
0.0 0.336960707745 0.9 0.0 0.23572869915 0.264094881839 0.509992610173 0.15 1.0
0.0 0.573196627953 0.9 0.0 0.773554283629 0.450194650695 0.463981942285 0.85 1.0
0.0 0.556200088923 0.9 0.0 0.591292199195 0.355342967541 0.44805530426 0.15 1.0
0.0 0.573810546555 0.9 0.0 0.712958350359 0.461157303183 0.648648008114 0.15 1.0
0.0 0.53582250188 0.9 0.0 0.674435905442 0.22505277321 0.78940740619 0.15 1.0
0.0 0.533356143154 0.9 0.0 0.733735693598 0.246531484601 0.391679154026 0.15 1.0
0.0 0.191390590724 0.9 0.0 0.78936706399 0.35821841766 0.472638209903 0.15 1.0
0.0 0.599639218855 0.9 0.0 0.627582350332 0.719963866577 0.68573541815 0.15 1.0
0.0 0.57778783393 0.9 0.0 0.272942676945 0.259464087117 0.364379535815 0.15 1.0
0.0 0.823705050729 0.9 0.0 0.730091015115 0.327002699816 0.509541846783 0.15 0.0
0.0 0.553571429 0.9 0.0 0.730091015115 0.327002699816 0.509541846783 0.15 1.0
0.0 0.783361602774 0.9 0.0 0.689131151759 0.659007766743 0.739953343153 0.85 0.0
0.0 0.553571429 0.9 0.0 0.689131151759 0.659007766743 0.739953343153 0.85 1.0
0.0 0.587507772654 0.9 0.0 0.338670227013 0.237164637842 0.752381765547 0.15 1.0
0.0 0.679769888541 0.9 0.0 0.232223619854 0.662106514309 0.315149910115 0.15 0.0
0.0 0.553571429 0.9 0.0 0.232223619854 0.662106514309 0.315149910115 0.15 1.0
0.0 0.575036754724 0.9 0.0 0.527222112607 0.265439143893 0.593499869126 0.15 1.0
0.0 0.487306911179 0.9 0.0 0.417679934331 0.559500645263 0.654601631754 0.15 1.0
0.0 0.61890359578 0.9 0.0 0.678647766963 0.606063585715 0.235406545975 0.85 1.0
0.0 0.416600525017 0.9 0.0 0.740628168868 0.564659009428 0.432471875471 0.85 1.0
0.0 0.34298138977 0.9 0.0 0.263767361653 0.27381574667 0.652492092229 0.15 1.0
0.0 0.482967374249 0.9 0.0 0.206726174224 0.701734785105 0.494509765717 0.85 1.0
0.0 0.49670022558 0.9 0.0 0.711910466947 0.763996684958 0.222527779414 0.15 1.0
0.0 0.308572025135 0.9 0.0 0.643676812576 0.723626956268 0.724638078091 0.15 1.0
0.0 0.609408059588 0.9 0.0 0.465201648211 0.581140447963 0.181473941937 0.15 1.0
0.0 0.39853577877 0.9 0.0 0.272402342629 0.367267586671 0.627495814053 0.15 1.0
0.0 0.441678040528 0.9 0.0 0.328674723541 0.4599937061 0.803168114613 0.15 1.0
0.0 0.208387441416 0.9 0.0 0.601293874324 0.381972977607 0.334272208682 0.85 1.0
0.0 0.362617341051 0.9 0.0 0.515615636843 0.718376286969 0.167224158486 0.15 1.0
0.0 0.509231759354 0.9 0.0 0.371812876042 0.711580039301 0.645850703898 0.85 1.0
0.0 0.553571429 0.9 0.0 0.670698664928 0.647103655455 0.61722124267 0.15 1.0
0.0 0.553571429 0.9 0.0 0.291923647752 0.676063738245 0.517189235906 0.85 1.0
0.0 0.550085785044 0.9 0.0 0.216386994664 0.264007733035 0.583963599385 0.15 1.0
0.0 0.436950645603 0.9 0.0 0.677462913685 0.567784176258 0.767397611856 0.15 1.0
0.0 0.505980724981 0.9 0.0 0.776011460134 0.414985252072 0.567749847195 0.15 1.0
0.0 0.553571429 0.9 0.0 0.339576724728 0.671325276459 0.408334676984 0.15 1.0
0.0 0.530225915334 0.9 0.0 0.366648097107 0.362440382666 0.572069694141 0.15 1.0
0.0 0.483673205456 0.9 0.0 0.468889467221 0.259611820037 0.456827934402 0.15 1.0
0.0 0.564932496296 0.9 0.0 0.649332328587 0.755534390183 0.622232950026 0.85 1.0
0.0 0.470748936829 0.9 0.0 0.630179980188 0.292797639244 0.491528574381 0.85 1.0
0.0 0.553255298655 0.9 0.0 0.485081875784 0.411799957325 0.280472004632 0.15 1.0
0.0 0.442688130353 0.9 0.0 0.734224889644 0.432925337373 0.41311654373 0.85 1.0
0.0 0.553571429 0.9 0.0 0.277943291609 0.62507140298 0.540996013125 0.15 1.0
0.0 0.639735046666 0.9 0.0 0.385504914372 0.549383469137 0.32551196071 0.85 0.0
0.0 0.553571429 0.9 0.0 0.385504914372 0.549383469137 0.32551196071 0.85 1.0
0.0 0.201276763026 0.9 0.0 0.734106323219 0.709642101341 0.442877320057 0.15 1.0
0.0 0.628823509216 0.9 0.0 0.365223763681 0.25247264124 0.484260767327 0.15 1.0
0.0 0.26694030564 0.9 0.0 0.263821267099 0.615993122676 0.520327873451 0.85 1.0
0.0 0.509654567929 0.9 0.0 0.692452390939 0.418007961036 0.402932411152 0.15 1.0
0.0 0.37341973314 0.9 0.0 0.699066158763 0.223018873493 0.697535744745 0.85 1.0
0.0 0.553571429 0.9 0.0 0.809519732487 0.584137072206 0.51721707936 0.15 1.0
0.0 0.371798288764 0.9 0.0 0.400487607506 0.400299576593 0.649270810132 0.15 1.0
0.0 0.305954048283 0.9 0.0 0.696487124592 0.73128547638 0.579641224268 0.85 1.0
0.0 0.638566789367 0.9 0.0 0.565196249498 0.696487124592 0.527792993297 0.15 1.0
0.0 0.608337230135 0.9 0.0 0.581093941238 0.33983089726 0.665877128562 0.85 1.0
0.0 0.446428571429 0.9 0.0 0.6763552751 0.731986245352 0.404558943363 0.15 1.0
0.0 0.474551314474 0.9 0.0 0.779074593768 0.701809197707 0.517189235906 0.15 1.0
0.0 0.291450944037 0.9 0.0 0.7827093278 0.371022435775 0.578575491618 0.15 1.0
0.0 0.488940821065 0.9 0.0 0.407212206151 0.579719468238 0.225831093735 0.15 1.0
0.0 0.596551372078 0.9 0.0 0.393958845485 0.364443572798 0.416435135152 0.15 1.0
0.0 0.66382060298 0.9 0.0 0.366873683319 0.696487124592 0.620054996113 0.15 1.0
0.0 0.219872401083 0.9 0.0 0.698212443287 0.633692483018 0.491267390133 0.15 1.0
0.0 0.580021449327 0.9 0.0 0.637658189109 0.274831151532 0.711943988704 0.85 1.0
0.0 0.618495377124 0.9 0.0 0.684455891782 0.389424986971 0.66894061279 0.15 1.0
0.0 0.553571429 0.9 0.0 0.299939187402 0.638517322819 0.470268157001 0.15 1.0
0.0 0.553571429 0.9 0.0 0.509176622572 0.705463917388 0.530198629775 0.85 1.0
0.0 0.581818382359 0.9 0.0 0.258207987996 0.591247596739 0.488561912151 0.15 1.0
0.0 0.573733836481 0.9 0.0 0.59447948565 0.423584579809 0.655791439656 0.15 1.0
0.0 0.513811136191 0.9 0.0 0.486845023251 0.57156297008 0.333959466439 0.85 1.0
0.0 0.38226160792 0.9 0.0 0.464881663081 0.630614361932 0.434011539729 0.15 1.0
0.0 0.592106229229 0.9 0.0 0.561287580424 0.624422802122 0.273629107202 0.85 1.0
0.0 0.498538797464 0.9 0.0 0.686991364196 0.614914788074 0.21370059189 0.15 1.0
0.0 0.490773736898 0.9 0.0 0.334243203044 0.724170814492 0.567981956144 0.15 1.0
0.0 0.432503995648 0.9 0.0 0.786437026819 0.626863458124 0.514957797712 0.15 1.0
0.0 0.196484720969 0.9 0.0 0.231776293158 0.656268277491 0.565502069904 0.15 1.0
0.0 0.276192269072 0.9 0.0 0.321352233037 0.731232707941 0.82616348768 0.85 1.0
0.0 0.265100066673 0.9 0.0 0.263211679667 0.554705542252 0.563220922519 0.15 1.0
0.0 0.597738678514 0.9 0.0 0.57087662015 0.395159714062 0.370714343589 0.15 1.0
0.0 0.553571429 0.9 0.0 0.607269618936 0.360432299488 0.339092414402 0.15 1.0
0.0 0.603915545271 0.9 0.0 0.315140550149 0.575282772913 0.243315029886 0.15 1.0
0.0 0.582677256137 0.9 0.0 0.603841394996 0.741750433946 0.648509539039 0.15 1.0
0.0 0.623951642388 0.9 0.0 0.324588777691 0.623164639439 0.831340921858 0.15 1.0
0.0 0.188235940456 0.9 0.0 0.288460272522 0.637692901912 0.580907837909 0.15 1.0
0.0 0.502655704633 0.9 0.0 0.78101586016 0.366854393075 0.541210696374 0.15 1.0
0.0 0.556331253375 0.9 0.0 0.628977564225 0.347392155588 0.49670022558 0.15 1.0
0.0 0.480490421178 0.9 0.0 0.293624095206 0.395118461663 0.62652225233 0.85 1.0
0.0 0.445519319113 0.9 0.0 0.646122581358 0.292318479031 0.722914510004 0.85 1.0
0.0 0.541210696374 0.9 0.0 0.742424872554 0.388041610976 0.48028354634 0.15 1.0
0.0 0.252535453215 0.9 0.0 0.522179500944 0.65377341283 0.41877890467 0.15 1.0
0.0 0.410848030201 0.9 0.0 0.589217505655 0.565377273473 0.204906305338 0.85 1.0
0.0 0.504220957748 0.9 0.0 0.696487124592 0.768431458976 0.377610715357 0.15 1.0
0.0 0.338318397912 0.9 0.0 0.768684518951 0.275829185508 0.442940369139 0.85 1.0
0.0 0.543834923569 0.9 0.0 0.449384150797 0.479759802669 0.591881996574 0.85 1.0
0.0 0.401573085849 0.9 0.0 0.758927577855 0.635199544168 0.545516454736 0.85 1.0
0.0 0.631637064645 0.9 0.0 0.354951125255 0.384894019623 0.684964605733 0.85 1.0
0.0 0.367520840897 0.9 0.0 0.748513190972 0.564999105979 0.349832276031 0.15 1.0
0.0 0.447211237811 0.9 0.0 0.488888415661 0.352166972917 0.417195506169 0.15 1.0
0.0 0.47191919901 0.9 0.0 0.550950307796 0.614866215086 0.440127804406 0.15 1.0
0.0 0.575649047167 0.9 0.0 0.360517052916 0.41476069669 0.477201522292 0.15 1.0
0.0 0.411883407642 0.9 0.0 0.289313643401 0.684583013304 0.622925679944 0.15 1.0
0.0 0.636975062348 0.9 0.0 0.730176691543 0.385768645222 0.539302936139 0.15 0.0
0.0 0.553571429 0.9 0.0 0.730176691543 0.385768645222 0.539302936139 0.15 1.0
0.0 0.31018467565 0.9 0.0 0.328844811533 0.254129406272 0.672081808401 0.15 1.0
0.0 0.344244969578 0.9 0.0 0.68109294698 0.687393852068 0.770728812145 0.15 1.0
0.0 0.553571429 0.9 0.0 0.35569931047 0.626483829922 0.470358333092 0.15 1.0
0.0 0.334623786007 0.9 0.0 0.65427003784 0.333759745875 0.457350661071 0.15 1.0
0.0 0.589360740324 0.9 0.0 0.660453442301 0.608471324518 0.43809650997 0.15 1.0
0.0 0.39299555161 0.9 0.0 0.276183541046 0.737803224205 0.537254681535 0.15 1.0
0.0 0.508780449694 0.9 0.0 0.338692079237 0.798221447717 0.811905523078 0.15 1.0
0.0 0.50478916698 0.9 0.0 0.663845210301 0.317022710326 0.819108802694 0.85 1.0
0.0 0.447680318816 0.9 0.0 0.677949172256 0.425322976938 0.847458495933 0.15 1.0
0.0 0.394515585955 0.9 0.0 0.245198374436 0.299412010333 0.48226071452 0.85 1.0
0.0 0.497620196726 0.9 0.0 0.627132174645 0.267530791586 0.419206940173 0.85 1.0
0.0 0.345848194994 0.9 0.0 0.560132045099 0.558179974093 0.506065749355 0.85 1.0
0.0 0.610792934471 0.9 0.0 0.438003709922 0.335339215038 0.390567971262 0.15 1.0
0.0 0.553571429 0.9 0.0 0.401568416991 0.692826285757 0.222527779414 0.85 1.0
0.0 0.340250993425 0.9 0.0 0.420911461821 0.582544572199 0.551064650288 0.15 1.0
0.0 0.575954991104 0.9 0.0 0.669302785679 0.571683886058 0.812419173429 0.85 1.0
0.0 0.411015163355 0.9 0.0 0.526775617021 0.740415924798 0.605335377456 0.15 1.0
0.0 0.492427355085 0.9 0.0 0.285557319378 0.319021094835 0.526586813787 0.85 1.0
0.0 0.476101183779 0.9 0.0 0.529878152713 0.633912204705 0.480460872001 0.15 1.0
0.0 0.625 0.9 0.0 0.68429312331 0.660988003832 0.572044060652 0.15 1.0
0.0 0.676458644548 0.9 0.0 0.740535912883 0.304836541242 0.57778783393 0.15 0.0
0.0 0.553571429 0.9 0.0 0.740535912883 0.304836541242 0.57778783393 0.15 1.0
0.0 0.399083124221 0.9 0.0 0.393100149848 0.313677001929 0.613482282519 0.85 1.0
0.0 0.507085141284 0.9 0.0 0.589217505655 0.766341793004 0.528860229723 0.15 1.0
0.0 0.553571429 0.9 0.0 0.417455427801 0.412427458104 0.340250993425 0.15 1.0
0.0 0.551117521192 0.9 0.0 0.410924922554 0.446258519169 0.649386088446 0.15 1.0
0.0 0.553571429 0.9 0.0 0.263412389051 0.549771337318 0.592977573824 0.15 1.0
0.0 0.269000143167 0.9 0.0 0.623164639439 0.35821841766 0.623951642388 0.15 1.0
0.0 0.482142857143 0.9 0.0 0.538359957417 0.5 0.543487409761 0.15 0.0
0.0 0.575445009666 0.9 0.0 0.702688544444 0.694970929961 0.390394130019 0.15 1.0
0.0 0.601805129305 0.9 0.0 0.432660974833 0.489668060802 0.597219474119 0.15 0.0
0.0 0.553571429 0.9 0.0 0.432660974833 0.489668060802 0.597219474119 0.15 0.0
0.0 0.5217117448 0.9 0.0 0.456301351685 0.260575793012 0.39472251493 0.85 1.0
0.0 0.640341830182 0.9 0.0 0.812480247267 0.440614855734 0.539760226821 0.15 0.0
0.0 0.553571429 0.9 0.0 0.812480247267 0.440614855734 0.539760226821 0.15 1.0
0.0 0.325790818846 0.9 0.0 0.342381155125 0.607008657442 0.234555874769 0.85 1.0
0.0 0.6779715228 0.9 0.0 0.338311227197 0.591723636714 0.305954048283 0.15 0.0
0.0 0.553571429 0.9 0.0 0.338311227197 0.591723636714 0.305954048283 0.15 1.0
0.0 0.581464422377 0.9 0.0 0.527920374009 0.321566424061 0.575751043448 0.15 1.0
0.0 0.461485016202 0.9 0.0 0.517483742833 0.622876940167 0.477647027429 0.15 1.0
0.0 0.553571429 0.9 0.0 0.364217297968 0.710730404109 0.318887457784 0.15 1.0
0.0 0.519967576 0.9 0.0 0.215987688268 0.378795648321 0.544048687697 0.15 1.0
0.0 0.594444003037 0.9 0.0 0.240152067498 0.387740557961 0.620054996113 0.15 1.0
0.0 0.695733106292 0.9 0.0 0.558384323794 0.284108216892 0.627377154999 0.15 0.0
0.0 0.553571429 0.9 0.0 0.558384323794 0.284108216892 0.627377154999 0.15 1.0
0.0 0.377895987256 0.9 0.0 0.576053488826 0.527021852352 0.517272762614 0.15 1.0
0.0 0.608020546886 0.9 0.0 0.677641705991 0.280307546582 0.328371916023 0.15 1.0
0.0 0.553571429 0.9 0.0 0.632235521997 0.42843702992 0.742589079598 0.15 1.0
0.0 0.64288039399 0.9 0.0 0.5 0.700633294841 0.238095238095 0.15 1.0
0.0 0.356137331221 0.9 0.0 0.572368425047 0.553685812123 0.402626871776 0.15 1.0
0.0 0.540834954853 0.9 0.0 0.352896344545 0.43378619293 0.181414987241 0.15 1.0
0.0 0.553571429 0.9 0.0 0.674787345356 0.656331025214 0.852668316507 0.85 1.0
0.0 0.517634585058 0.9 0.0 0.658033316294 0.318406359106 0.183354423711 0.15 1.0
0.0 0.586679880668 0.9 0.0 0.656480830691 0.718897810452 0.806102518918 0.15 1.0
0.0 0.664612213039 0.9 0.0 0.634046671328 0.668209900391 0.323995096808 0.85 0.0
0.0 0.553571429 0.9 0.0 0.634046671328 0.668209900391 0.323995096808 0.85 1.0
0.0 0.465893072172 0.9 0.0 0.504675627068 0.636509349881 0.517968392598 0.15 1.0
0.0 0.646429497148 0.9 0.0 0.340620817573 0.732375319964 0.251198131907 0.85 1.0
0.0 0.569836012342 0.9 0.0 0.300702036645 0.528161122865 0.630196141789 0.15 1.0
0.0 0.378252347005 0.9 0.0 0.346758308318 0.70919695025 0.419305669266 0.15 1.0
0.0 0.33932436448 0.9 0.0 0.344000583424 0.271262600277 0.716832841978 0.85 1.0
0.0 0.754493438712 0.9 0.0 0.258127299343 0.321609879884 0.604136046775 0.15 0.0
0.0 0.553571429 0.9 0.0 0.258127299343 0.321609879884 0.604136046775 0.15 1.0
0.0 0.495519499959 0.9 0.0 0.446854781656 0.693060281713 0.191504701446 0.85 1.0
0.0 0.537767344006 0.9 0.0 0.634202835588 0.702900467457 0.649639639882 0.15 1.0
0.0 0.575547035909 0.9 0.0 0.646431143158 0.578460102198 0.495086959998 0.15 1.0
0.0 0.588059162139 0.9 0.0 0.687601389728 0.696487124592 0.710642546602 0.85 1.0
0.0 0.610962825695 0.9 0.0 0.329750482125 0.360252317378 0.524250289815 0.85 1.0
0.0 0.582348987407 0.9 0.0 0.647580179026 0.631194170353 0.747673009832 0.15 1.0
0.0 0.351529413716 0.9 0.0 0.487952685994 0.419505998084 0.375573390727 0.85 1.0
0.0 0.360774839615 0.9 0.0 0.271913719858 0.303512875408 0.415541145698 0.85 1.0
0.0 0.665628823941 0.9 0.0 0.460966457276 0.263079224258 0.417228541323 0.15 1.0
0.0 0.339749301727 0.9 0.0 0.370122528948 0.698782245312 0.744765711127 0.15 1.0
0.0 0.216668777433 0.9 0.0 0.721198576002 0.338124853869 0.350436405636 0.15 1.0
0.0 0.35310790512 0.9 0.0 0.235631694434 0.745870593728 0.462003553271 0.15 1.0
0.0 0.518857692061 0.9 0.0 0.37109849998 0.28202759327 0.448710932841 0.15 1.0
0.0 0.332156991863 0.9 0.0 0.350359157933 0.635199544168 0.694884704714 0.15 1.0
0.0 0.553571429 0.9 0.0 0.354213043845 0.546113391633 0.508300577441 0.85 1.0
0.0 0.329004982537 0.9 0.0 0.365115141424 0.41530176908 0.692508827673 0.15 1.0
0.0 0.557850903611 0.9 0.0 0.636311426523 0.350455688543 0.570016001723 0.15 1.0
0.0 0.530825907807 0.9 0.0 0.327843211501 0.768781598953 0.227726468182 0.15 1.0
0.0 0.286282863958 0.9 0.0 0.731986245352 0.369211147999 0.238095238095 0.85 1.0
0.0 0.553571429 0.9 0.0 0.266096741004 0.313604154824 0.502399196959 0.15 1.0
0.0 0.558609450796 0.9 0.0 0.343731722509 0.599274049424 0.512017060986 0.85 1.0
0.0 0.448024064944 0.9 0.0 0.371926026273 0.670443904143 0.597862243185 0.15 1.0
0.0 0.329084052969 0.9 0.0 0.586769481913 0.27998108938 0.406281615803 0.15 1.0
0.0 0.296980803691 0.9 0.0 0.296156902576 0.648096408883 0.739953343153 0.85 1.0
0.0 0.445299624936 0.9 0.0 0.336918528908 0.271708056224 0.450019923939 0.15 1.0
0.0 0.47963290289 0.9 0.0 0.612635268262 0.575774275575 0.277623978132 0.85 1.0
0.0 0.340675074158 0.9 0.0 0.65917517196 0.480545142466 0.702402518695 0.85 1.0
0.0 0.553571429 0.9 0.0 0.338631212327 0.317467556979 0.663096144089 0.15 1.0
0.0 0.495086959998 0.9 0.0 0.660351427147 0.485443139327 0.816669695863 0.15 0.0
0.0 0.553571429 0.9 0.0 0.7750266727 0.691533808051 0.562441513398 0.15 1.0
0.0 0.638753831564 0.9 0.0 0.495965266348 0.690928591077 0.250047999951 0.15 1.0
0.0 0.57165944416 0.9 0.0 0.512818267427 0.27448236042 0.578296102015 0.15 1.0
0.0 0.61386912255 0.9 0.0 0.633440254061 0.591420155118 0.606776839844 0.15 1.0
0.0 0.555333763727 0.9 0.0 0.546113391633 0.409727593914 0.595436480387 0.15 1.0
0.0 0.485316939207 0.9 0.0 0.271842667552 0.620401039651 0.347673709141 0.15 1.0
0.0 0.214763687924 0.9 0.0 0.562593966341 0.718596802714 0.433883398124 0.85 1.0
0.0 0.241305020659 0.9 0.0 0.668803434691 0.402504589162 0.262090728419 0.15 1.0
0.0 0.32387512315 0.9 0.0 0.258326582525 0.679833422432 0.372987870427 0.15 1.0
0.0 0.450921996644 0.9 0.0 0.191043113808 0.531434593708 0.549238042645 0.15 1.0
0.0 0.626427202627 0.9 0.0 0.546498545555 0.62046006179 0.58958577078 0.15 1.0
0.0 0.317591069883 0.9 0.0 0.630549983349 0.620568987516 0.430251047384 0.15 1.0
0.0 0.735880902981 0.9 0.0 0.544089546711 0.294889561963 0.322312497903 0.15 0.0
0.0 0.553571429 0.9 0.0 0.544089546711 0.294889561963 0.322312497903 0.15 1.0
0.0 0.325153171591 0.9 0.0 0.306848346788 0.248550215902 0.512353838389 0.15 1.0
0.0 0.511595836322 0.9 0.0 0.373655218072 0.191253433369 0.717531942508 0.85 1.0
0.0 0.488124415732 0.9 0.0 0.359610843971 0.663440623069 0.373095871633 0.15 1.0
0.0 0.203096645898 0.9 0.0 0.568530011458 0.429741372517 0.629084029607 0.15 1.0
0.0 0.330898837832 0.9 0.0 0.593648978665 0.772540613418 0.418152700827 0.85 1.0
0.0 0.383214835946 0.9 0.0 0.306421757998 0.244259194702 0.604943977727 0.15 1.0
0.0 0.222060685283 0.9 0.0 0.294987477878 0.627711506323 0.622161251359 0.85 1.0
0.0 0.553571429 0.9 0.0 0.758558950651 0.405896039701 0.5322418746 0.15 1.0
0.0 0.321790391935 0.9 0.0 0.60349477218 0.349148682174 0.680545708711 0.15 1.0
0.0 0.553571429 0.9 0.0 0.386521116062 0.581124164757 0.410714285714 0.15 1.0
0.0 0.331646290385 0.9 0.0 0.554256395199 0.647103655455 0.600181307952 0.85 1.0
0.0 0.384694049801 0.9 0.0 0.688314373787 0.654483732265 0.525268406354 0.15 1.0
0.0 0.553571429 0.9 0.0 0.391085417304 0.61863571992 0.445519319113 0.15 1.0
0.0 0.174978310363 0.9 0.0 0.312236379148 0.361326023991 0.605335377456 0.15 1.0
0.0 0.5 0.9 0.0 0.727304368904 0.5 0.326268455102 0.15 0.0
0.0 0.416004882244 0.9 0.0 0.295357878857 0.35907225454 0.655814302673 0.15 1.0
0.0 0.419470177533 0.9 0.0 0.271542637501 0.397616835707 0.640551757698 0.15 1.0
0.0 0.425879772151 0.9 0.0 0.523630280187 0.675205838068 0.448960497052 0.15 1.0
0.0 0.66747793615 0.9 0.0 0.740628168868 0.27937753162 0.432471875471 0.85 1.0
0.0 0.288157889916 0.9 0.0 0.257240877387 0.665376591812 0.544662876059 0.15 1.0
0.0 0.604111549928 0.9 0.0 0.309421426431 0.356323187424 0.415640551674 0.15 1.0
0.0 0.63961830189 0.9 0.0 0.697967433807 0.615993122676 0.592280583536 0.15 0.0
0.0 0.553571429 0.9 0.0 0.697967433807 0.615993122676 0.592280583536 0.15 1.0
0.0 0.566407234323 0.9 0.0 0.302315874126 0.399561909716 0.760636957746 0.85 1.0
0.0 0.634369577236 0.9 0.0 0.351277110347 0.69788473674 0.391089139549 0.85 1.0
0.0 0.527765605105 0.9 0.0 0.686281557757 0.4723163101 0.706597184971 0.15 1.0
0.0 0.512297721298 0.9 0.0 0.357065544821 0.46450087924 0.178154469829 0.15 1.0
0.0 0.541773908071 0.9 0.0 0.589755515959 0.656480830691 0.44038119761 0.15 1.0
0.0 0.405370317655 0.9 0.0 0.308292711113 0.221748959643 0.541881132074 0.15 1.0
0.0 0.460293677485 0.9 0.0 0.515052602886 0.520586412412 0.375895631095 0.15 1.0
0.0 0.472129000854 0.9 0.0 0.345284667008 0.609233277016 0.260833687753 0.15 1.0
0.0 0.25172408339 0.9 0.0 0.424225724425 0.292149098436 0.28007272891 0.15 1.0
0.0 0.428474370281 0.9 0.0 0.546369456208 0.44794951914 0.36544108917 0.15 1.0
0.0 0.259010583529 0.9 0.0 0.433888702728 0.746963054806 0.405099999113 0.15 1.0
0.0 0.449801967933 0.9 0.0 0.414577075788 0.441887061055 0.645317827023 0.15 1.0
0.0 0.268543347526 0.9 0.0 0.290357898659 0.314383210856 0.521601145099 0.15 1.0
0.0 0.553571429 0.9 0.0 0.399796206694 0.66065129451 0.598455057395 0.15 1.0
0.0 0.327182495571 0.9 0.0 0.737247280283 0.298793149067 0.503709126174 0.15 1.0
0.0 0.471199312253 0.9 0.0 0.477890321878 0.59566174256 0.353032858545 0.15 1.0
0.0 0.158169786243 0.9 0.0 0.390882813545 0.565196249498 0.655882887675 0.15 1.0
0.0 0.536957693828 0.9 0.0 0.660988003832 0.657809905765 0.357142857143 0.15 1.0
0.0 0.406146708447 0.9 0.0 0.447884617245 0.261207946252 0.629273442016 0.15 1.0
0.0 0.554808176099 0.9 0.0 0.600798478582 0.753226566561 0.275654039288 0.15 1.0
0.0 0.563921630234 0.9 0.0 0.380036176221 0.76039228698 0.551857276362 0.85 1.0
0.0 0.363058493603 0.9 0.0 0.587603010192 0.250702563393 0.6096998309 0.15 1.0
0.0 0.553571429 0.9 0.0 0.7715433922 0.67400950044 0.493353745124 0.15 1.0
0.0 0.461851090417 0.9 0.0 0.688999086747 0.307138348795 0.584165165218 0.15 1.0
0.0 0.171706541472 0.9 0.0 0.197052606341 0.59994885945 0.523285721346 0.85 1.0
0.0 0.58022415149 0.9 0.0 0.565330463636 0.551471694235 0.595659597857 0.15 1.0
0.0 0.533274675847 0.9 0.0 0.647103655455 0.217913966275 0.181414987241 0.15 1.0
0.0 0.458824042826 0.9 0.0 0.466396109476 0.257703094278 0.325432254824 0.15 1.0
0.0 0.553571429 0.9 0.0 0.671552501807 0.67440525298 0.642345438286 0.15 1.0
0.0 0.550826679581 0.9 0.0 0.603174855249 0.401917065975 0.60862943081 0.85 1.0
0.0 0.314292255314 0.9 0.0 0.598991713754 0.662362578884 0.390567971262 0.15 1.0
0.0 0.260600445693 0.9 0.0 0.513884348376 0.679833422432 0.202876601976 0.15 1.0
0.0 0.637630884861 0.9 0.0 0.356658093753 0.3945713753 0.539733336156 0.15 0.0
0.0 0.553571429 0.9 0.0 0.356658093753 0.3945713753 0.539733336156 0.15 1.0
0.0 0.553571429 0.9 0.0 0.28648183541 0.545169584463 0.623450768072 0.15 1.0
0.0 0.516297601091 0.9 0.0 0.309398264208 0.566404086472 0.59667514173 0.15 1.0
0.0 0.656248571884 0.9 0.0 0.459239844309 0.27492927868 0.321307898528 0.85 1.0
0.0 0.306079079421 0.9 0.0 0.618309493305 0.698964025608 0.45596593694 0.15 1.0
0.0 0.38973299158 0.9 0.0 0.74201017212 0.473609193562 0.415905543969 0.85 1.0
0.0 0.226241786007 0.9 0.0 0.284306453917 0.343324933962 0.539491270759 0.15 1.0
0.0 0.402762689142 0.9 0.0 0.341383253847 0.409576461123 0.383355901095 0.15 1.0
0.0 0.647030978247 0.9 0.0 0.641433149171 0.306261942524 0.536525471536 0.15 1.0
0.0 0.349832276031 0.9 0.0 0.57132937988 0.374061969876 0.600476820774 0.15 1.0
0.0 0.553387037515 0.9 0.0 0.372021355308 0.546777571959 0.270048737986 0.15 1.0
0.0 0.447961581148 0.9 0.0 0.502253769452 0.518400707121 0.541693478649 0.85 1.0
0.0 0.582652010149 0.9 0.0 0.55295149438 0.356427994781 0.617630167368 0.15 1.0
0.0 0.62652225233 0.9 0.0 0.28657776147 0.515989404259 0.378750822073 0.15 0.0
0.0 0.553571429 0.9 0.0 0.28657776147 0.515989404259 0.378750822073 0.15 0.0
0.0 0.505129844234 0.9 0.0 0.551255068961 0.259423328698 0.349076017644 0.15 1.0
0.0 0.554518928091 0.9 0.0 0.388395465305 0.254742579497 0.639735046666 0.15 1.0
0.0 0.29783157845 0.9 0.0 0.406351021335 0.68890837784 0.418152700827 0.85 1.0
0.0 0.701798447707 0.9 0.0 0.345516267735 0.700335669856 0.384694049801 0.85 0.0
0.0 0.553571429 0.9 0.0 0.345516267735 0.700335669856 0.384694049801 0.85 1.0
0.0 0.72341933395 0.9 0.0 0.353829829679 0.686485449462 0.765837425436 0.85 0.0
0.0 0.553571429 0.9 0.0 0.353829829679 0.686485449462 0.765837425436 0.85 1.0
0.0 0.393410553572 0.9 0.0 0.55590829826 0.241228586405 0.283827887119 0.85 1.0
0.0 0.465893072172 0.9 0.0 0.72062246838 0.243535100697 0.66747793615 0.15 1.0
0.0 0.673781817048 0.9 0.0 0.555996202394 0.58821667224 0.631825833035 0.15 0.0
0.0 0.553571429 0.9 0.0 0.555996202394 0.58821667224 0.631825833035 0.15 1.0
0.0 0.203755877689 0.9 0.0 0.339011996168 0.400523346816 0.744047619048 0.15 1.0
0.0 0.527820380328 0.9 0.0 0.407354270404 0.45603464051 0.423697252384 0.15 1.0
0.0 0.627116038659 0.9 0.0 0.48462399448 0.591857778888 0.268589051313 0.15 0.0
0.0 0.553571429 0.9 0.0 0.48462399448 0.591857778888 0.268589051313 0.15 1.0
0.0 0.68542718181 0.9 0.0 0.284306453917 0.361625814354 0.210221825856 0.15 0.0
0.0 0.553571429 0.9 0.0 0.284306453917 0.361625814354 0.210221825856 0.15 1.0
0.0 0.209629468864 0.9 0.0 0.515898800476 0.345355658827 0.537038703808 0.15 1.0
0.0 0.672081808401 0.9 0.0 0.601885303901 0.721819060717 0.21156414469 0.15 1.0
0.0 0.560932122547 0.9 0.0 0.310558200416 0.398706125676 0.478863047802 0.15 1.0
0.0 0.553571429 0.9 0.0 0.662719292298 0.57496277414 0.569064096029 0.85 1.0
0.0 0.553571429 0.9 0.0 0.32442840901 0.564082717488 0.636998494376 0.15 1.0
0.0 0.775811248199 0.9 0.0 0.682854714878 0.349665479451 0.344627192718 0.15 0.0
0.0 0.553571429 0.9 0.0 0.682854714878 0.349665479451 0.344627192718 0.15 1.0
0.0 0.553571429 0.9 0.0 0.305029070039 0.354345219333 0.575445009666 0.15 1.0
0.0 0.553571429 0.9 0.0 0.50442741697 0.329556095857 0.553676772197 0.15 1.0
0.0 0.430444519183 0.9 0.0 0.676850849267 0.280485038696 0.256707478621 0.15 1.0
0.0 0.201497905187 0.9 0.0 0.443037784112 0.363207004915 0.381978821703 0.85 1.0
0.0 0.2639916796 0.9 0.0 0.303512875408 0.643868811907 0.200834020061 0.85 1.0
0.0 0.357477560943 0.9 0.0 0.233436813092 0.509377175236 0.520383285809 0.15 0.0
0.0 0.524800823 0.9 0.0 0.68927253359 0.808091659287 0.756782081522 0.15 1.0
0.0 0.553571429 0.9 0.0 0.524448846352 0.336413831066 0.491006094063 0.85 1.0
0.0 0.701366696116 0.9 0.0 0.762219999558 0.375075845488 0.512942767013 0.85 0.0
0.0 0.553571429 0.9 0.0 0.762219999558 0.375075845488 0.512942767013 0.85 1.0
0.0 0.698186322485 0.9 0.0 0.332742427264 0.355423280596 0.783616772925 0.15 0.0
0.0 0.459436844336 0.9 0.0 0.474074981847 0.484544937703 0.629012987589 0.85 0.0
0.0 0.343938963872 0.9 0.0 0.429419645358 0.696487124592 0.308572025135 0.15 1.0
0.0 0.608921514197 0.9 0.0 0.318370663141 0.7623355984 0.660986866207 0.85 1.0
0.0 0.553571429 0.9 0.0 0.555796812002 0.312774389452 0.472997387898 0.15 1.0
0.0 0.187369944672 0.9 0.0 0.219285192856 0.626863458124 0.416071097516 0.15 1.0
0.0 0.553571429 0.9 0.0 0.392667491377 0.683332147843 0.496239724183 0.15 1.0
0.0 0.487277694202 0.9 0.0 0.347884397778 0.310460399335 0.787474790945 0.15 1.0
0.0 0.524800823 0.9 0.0 0.55417551089 0.647103655455 0.185688708004 0.15 1.0
0.0 0.456243148408 0.9 0.0 0.405811463918 0.624097815066 0.431410858176 0.15 1.0
0.0 0.53313887439 0.9 0.0 0.356205347029 0.384006877324 0.505044692355 0.15 1.0
0.0 0.553571429 0.9 0.0 0.3916726819 0.631711903268 0.576056942493 0.15 1.0
0.0 0.61722124267 0.9 0.0 0.683602900093 0.277724415744 0.289764400802 0.15 1.0
0.0 0.611156938693 0.9 0.0 0.70681906379 0.627853853493 0.390672247549 0.85 1.0
0.0 0.518190833814 0.9 0.0 0.2571434192 0.714679670471 0.429088782534 0.15 1.0
0.0 0.361365208904 0.9 0.0 0.638010382931 0.352036639417 0.33524814055 0.15 1.0
0.0 0.293774782962 0.9 0.0 0.36539469504 0.686281557757 0.3107208811 0.15 1.0
0.0 0.687340741613 0.9 0.0 0.655523881129 0.323119897322 0.371545582436 0.15 0.0
0.0 0.553571429 0.9 0.0 0.655523881129 0.323119897322 0.371545582436 0.15 1.0
0.0 0.553571429 0.9 0.0 0.591058499891 0.706389877157 0.68353113289 0.15 1.0
0.0 0.368103034895 0.9 0.0 0.335709545403 0.382639813461 0.241698097012 0.85 1.0
0.0 0.425489516151 0.9 0.0 0.39450425022 0.430751971654 0.579007055601 0.15 1.0
0.0 0.507509398426 0.9 0.0 0.303512875408 0.723428457095 0.59647710001 0.15 1.0
0.0 0.490599410908 0.9 0.0 0.712941959402 0.380729660729 0.585373349001 0.15 1.0
0.0 0.361770667304 0.9 0.0 0.189720650588 0.595193250267 0.522844293004 0.15 1.0
0.0 0.336610933548 0.9 0.0 0.282495080426 0.645290823584 0.683486985429 0.15 1.0
0.0 0.493209089077 0.9 0.0 0.320514284331 0.223018873493 0.686725379207 0.15 1.0
0.0 0.539518171308 0.9 0.0 0.304836541242 0.237183687197 0.676458644548 0.15 1.0
0.0 0.516632110707 0.9 0.0 0.583454516696 0.308482589352 0.51721707936 0.15 1.0
0.0 0.447961581148 0.9 0.0 0.610233527836 0.224193396211 0.690410536553 0.15 1.0
0.0 0.553571429 0.9 0.0 0.683830835243 0.613414088504 0.546821376532 0.15 1.0
0.0 0.251580716097 0.9 0.0 0.317244956502 0.63037582732 0.648140165987 0.15 1.0
0.0 0.491383485817 0.9 0.0 0.55520044799 0.790078763084 0.533681910698 0.15 1.0
0.0 0.354905458033 0.9 0.0 0.703915886243 0.610372154629 0.7315390799 0.85 1.0
0.0 0.553571429 0.9 0.0 0.516813354452 0.325317462002 0.501400659022 0.85 1.0
0.0 0.416831985074 0.9 0.0 0.695266767554 0.285813515066 0.743801278474 0.85 1.0
0.0 0.509541846783 0.9 0.0 0.688419755069 0.269908984885 0.664227816647 0.15 1.0
0.0 0.473625425614 0.9 0.0 0.580494001916 0.746567458714 0.200944763231 0.15 1.0
0.0 0.553571429 0.9 0.0 0.679420932819 0.321101807518 0.560176169294 0.15 1.0
0.0 0.349529919143 0.9 0.0 0.365678259869 0.388270814006 0.753763053085 0.15 1.0
0.0 0.253725435996 0.9 0.0 0.519883483917 0.668179557738 0.555701431473 0.85 1.0
0.0 0.518190833814 0.9 0.0 0.523098507664 0.285320329529 0.526559374426 0.15 1.0
0.0 0.277221832788 0.9 0.0 0.64428012775 0.750039794004 0.612344756669 0.85 1.0
0.0 0.74158104033 0.9 0.0 0.493503404166 0.638463803689 0.339440295516 0.85 0.0
0.0 0.553571429 0.9 0.0 0.493503404166 0.638463803689 0.339440295516 0.85 1.0
0.0 0.295445008537 0.9 0.0 0.270264145318 0.346917200121 0.675032126144 0.15 1.0
0.0 0.404288205722 0.9 0.0 0.584372376103 0.254918599796 0.366646241401 0.15 1.0
0.0 0.583963599385 0.9 0.0 0.471416403272 0.406773495198 0.24643051031 0.15 1.0
0.0 0.403136004749 0.9 0.0 0.752469990711 0.787186693342 0.506858753222 0.15 1.0
0.0 0.504107253729 0.9 0.0 0.30603981146 0.689727278932 0.714370743961 0.85 1.0
0.0 0.553571429 0.9 0.0 0.251708431746 0.538341898139 0.392753311729 0.15 1.0
0.0 0.578626277707 0.9 0.0 0.247497527443 0.485050075202 0.31694143041 0.85 0.0
0.0 0.553571429 0.9 0.0 0.247497527443 0.485050075202 0.31694143041 0.85 0.0
0.0 0.444199868675 0.9 0.0 0.31477441488 0.262196775795 0.348621675605 0.15 1.0
0.0 0.536957693828 0.9 0.0 0.520131849492 0.264835656581 0.251198131907 0.85 1.0
0.0 0.614521452524 0.9 0.0 0.739786451335 0.317874960652 0.491963633358 0.15 1.0
0.0 0.263111926649 0.9 0.0 0.479868150508 0.33667397847 0.251198131907 0.15 1.0
0.0 0.494509765717 0.9 0.0 0.772370124704 0.632285821944 0.458701404526 0.85 1.0
0.0 0.289764400802 0.9 0.0 0.580494001916 0.29062865091 0.200944763231 0.15 1.0
0.0 0.553149888978 0.9 0.0 0.338311227197 0.672955338564 0.730955715613 0.15 1.0
0.0 0.458701404526 0.9 0.0 0.230437148696 0.379395875521 0.509457292657 0.85 1.0
0.0 0.240566844452 0.9 0.0 0.55590829826 0.606731608632 0.283827887119 0.15 1.0
0.0 0.590510146199 0.9 0.0 0.600130277241 0.282713003 0.553123533976 0.15 1.0
0.0 0.553571429 0.9 0.0 0.270264145318 0.354897703267 0.675032126144 0.85 1.0
0.0 0.356733454962 0.9 0.0 0.399936082221 0.689846865527 0.675834857755 0.15 1.0
0.0 0.326268455102 0.9 0.0 0.67052085744 0.66566988028 0.287199655494 0.85 1.0
0.0 0.631471853357 0.9 0.0 0.539381794007 0.404438303494 0.260647105567 0.15 0.0
0.0 0.553571429 0.9 0.0 0.539381794007 0.404438303494 0.260647105567 0.15 1.0
0.0 0.537254681535 0.9 0.0 0.629229909486 0.330842209771 0.736647255789 0.15 1.0
0.0 0.401573085849 0.9 0.0 0.463864302555 0.757774705016 0.5426044396 0.85 1.0
0.0 0.625951772208 0.9 0.0 0.574522784378 0.697900528633 0.590784728378 0.85 1.0
0.0 0.553571429 0.9 0.0 0.502138197312 0.493849390893 0.577406389442 0.85 0.0
0.0 0.553571429 0.9 0.0 0.335317694593 0.704384768783 0.445299624936 0.85 1.0
0.0 0.297661562457 0.9 0.0 0.446895191149 0.30603981146 0.587282080166 0.15 1.0
0.0 0.70352318789 0.9 0.0 0.71805361925 0.320166577568 0.565346778657 0.15 0.0
0.0 0.553571429 0.9 0.0 0.71805361925 0.320166577568 0.565346778657 0.15 1.0
0.0 0.574755940099 0.9 0.0 0.49298757979 0.459036756537 0.518107427458 0.15 1.0
0.0 0.611448011475 0.9 0.0 0.266984232982 0.561781997126 0.459528708582 0.85 0.0
0.0 0.553571429 0.9 0.0 0.266984232982 0.561781997126 0.459528708582 0.85 1.0
0.0 0.482879087153 0.9 0.0 0.487115775501 0.512374807208 0.459099883885 0.15 0.0
0.0 0.453000656035 0.9 0.0 0.330129726671 0.552446685561 0.752930479868 0.85 1.0
0.0 0.673848847874 0.9 0.0 0.339011996168 0.712434119091 0.297619047619 0.85 1.0
0.0 0.579438352938 0.9 0.0 0.542970126271 0.35821841766 0.472997387898 0.15 1.0
0.0 0.659167859509 0.9 0.0 0.317327595293 0.408004837723 0.719815834337 0.15 0.0
0.0 0.553571429 0.9 0.0 0.317327595293 0.408004837723 0.719815834337 0.15 1.0
0.0 0.48099253456 0.9 0.0 0.313630051535 0.4525633801 0.6096998309 0.15 1.0
0.0 0.592678947279 0.9 0.0 0.651665614979 0.248325919042 0.424186638018 0.15 1.0
0.0 0.565502069904 0.9 0.0 0.392074246847 0.624750542341 0.706597184971 0.15 1.0
0.0 0.66216694931 0.9 0.0 0.352107151021 0.345493743636 0.404288205722 0.15 0.0
0.0 0.553571429 0.9 0.0 0.352107151021 0.345493743636 0.404288205722 0.15 1.0
0.0 0.53305737994 0.9 0.0 0.477112219355 0.525161848133 0.53248663338 0.15 1.0
0.0 0.553571429 0.9 0.0 0.379499704184 0.323484356219 0.472009123205 0.15 1.0
0.0 0.353745320055 0.9 0.0 0.334977262516 0.54753035357 0.250047999951 0.15 1.0
0.0 0.585172128982 0.9 0.0 0.551910405188 0.599905569058 0.458824042826 0.15 1.0
0.0 0.412850161953 0.9 0.0 0.46450087924 0.638560620703 0.470208031941 0.85 1.0
0.0 0.378750822073 0.9 0.0 0.351155014125 0.221681051073 0.592504690584 0.15 1.0
0.0 0.521213895692 0.9 0.0 0.340097348045 0.573138029083 0.429767069493 0.85 1.0
0.0 0.621563492531 0.9 0.0 0.350949495308 0.374113020824 0.305244842552 0.15 1.0
0.0 0.553571429 0.9 0.0 0.431410109372 0.349237736251 0.2766850033 0.15 1.0
0.0 0.383814089536 0.9 0.0 0.599476653184 0.473297384196 0.526559374426 0.15 1.0
0.0 0.664137343019 0.9 0.0 0.273383416726 0.414695529935 0.546581888804 0.15 0.0
0.0 0.553571429 0.9 0.0 0.273383416726 0.414695529935 0.546581888804 0.15 1.0
0.0 0.173165183539 0.9 0.0 0.233224440327 0.354309748586 0.533681910698 0.15 1.0
0.0 0.553571429 0.9 0.0 0.468400844449 0.656936938075 0.636975062348 0.15 1.0
0.0 0.627377154999 0.9 0.0 0.284500689263 0.629382565314 0.712519386555 0.15 1.0
0.0 0.498395356185 0.9 0.0 0.244259194702 0.648441477874 0.383214835946 0.15 1.0
0.0 0.553571429 0.9 0.0 0.71090432664 0.541656937519 0.319413020493 0.85 1.0
0.0 0.429734789125 0.9 0.0 0.284306453917 0.554705542252 0.210221825856 0.15 1.0
0.0 0.606776839844 0.9 0.0 0.495611412019 0.759533995122 0.559628229226 0.15 1.0
0.0 0.553571429 0.9 0.0 0.408752403261 0.303512875408 0.581818382359 0.85 1.0
0.0 0.45596593694 0.9 0.0 0.236290048643 0.774664755878 0.483408615661 0.15 1.0
0.0 0.445958451194 0.9 0.0 0.294987477878 0.681569000376 0.622161251359 0.15 1.0
0.0 0.553571429 0.9 0.0 0.386967392105 0.406224157666 0.330859463826 0.15 1.0
0.0 0.607167251737 0.9 0.0 0.237521700651 0.336961425886 0.478240517377 0.85 1.0
0.0 0.490599410908 0.9 0.0 0.23809736639 0.226296090087 0.499656498104 0.85 1.0
0.0 0.552200456996 0.9 0.0 0.725447207382 0.768050094672 0.427567661846 0.85 1.0
0.0 0.646961600686 0.9 0.0 0.731136757353 0.277347220136 0.582146899495 0.85 1.0
0.0 0.493614039937 0.9 0.0 0.344090997289 0.358964094072 0.350096678458 0.15 1.0
0.0 0.597713963023 0.9 0.0 0.551910405188 0.752786117761 0.458824042826 0.85 1.0
0.0 0.546448802827 0.9 0.0 0.659602005951 0.544994881156 0.740489381247 0.15 1.0
0.0 0.553571429 0.9 0.0 0.363207004915 0.660308181654 0.201497905187 0.85 1.0
0.0 0.53889918042 0.9 0.0 0.501985475592 0.712502083006 0.63097600114 0.85 1.0
0.0 0.498538797464 0.9 0.0 0.523531786028 0.614914788074 0.514706269248 0.15 1.0
0.0 0.349076017644 0.9 0.0 0.62538095591 0.551255068961 0.661463653007 0.15 1.0
0.0 0.457934324574 0.9 0.0 0.424640837723 0.595193250267 0.522954678544 0.15 1.0
0.0 0.53582250188 0.9 0.0 0.69332051932 0.618027022393 0.213487564844 0.15 1.0
0.0 0.390567971262 0.9 0.0 0.681251404203 0.598991713754 0.572505318082 0.15 1.0
0.0 0.362617341051 0.9 0.0 0.766670466137 0.718376286969 0.39781650824 0.15 1.0
0.0 0.655608511233 0.9 0.0 0.656034687291 0.617712512628 0.48226071452 0.15 0.0
0.0 0.553571429 0.9 0.0 0.656034687291 0.617712512628 0.48226071452 0.15 1.0
0.0 0.227675378076 0.9 0.0 0.326193728741 0.650677343461 0.252869032186 0.15 1.0
0.0 0.399493254161 0.9 0.0 0.593409500266 0.710709395109 0.501057933009 0.15 1.0
0.0 0.542845366459 0.9 0.0 0.30229251837 0.682161550611 0.743801278474 0.15 1.0
0.0 0.565502069904 0.9 0.0 0.628858433197 0.231776293158 0.605970951361 0.85 1.0
0.0 0.625951772208 0.9 0.0 0.49147460247 0.697900528633 0.405066199492 0.85 1.0
0.0 0.567930383155 0.9 0.0 0.657492769709 0.539177902302 0.47743916644 0.15 1.0
0.0 0.270912841766 0.9 0.0 0.523531786028 0.636509349881 0.514706269248 0.85 1.0
0.0 0.515041618361 0.9 0.0 0.422431890137 0.67320488978 0.524745790866 0.15 1.0
0.0 0.614159118634 0.9 0.0 0.596021641865 0.465362558417 0.214763687924 0.85 0.0
0.0 0.553571429 0.9 0.0 0.596021641865 0.465362558417 0.214763687924 0.85 1.0
0.0 0.502399196959 0.9 0.0 0.330129726671 0.659070990188 0.752930479868 0.15 1.0
0.0 0.553571429 0.9 0.0 0.486115651624 0.681343515825 0.524800823 0.85 1.0
0.0 0.335715843927 0.9 0.0 0.356539414835 0.661642911176 0.221072491123 0.85 1.0
0.0 0.393168509956 0.9 0.0 0.687778075996 0.723262741612 0.727468015079 0.15 1.0
0.0 0.400483064858 0.9 0.0 0.669503223571 0.578681170044 0.545623074995 0.15 1.0
0.0 0.41098174094 0.9 0.0 0.55307310097 0.642428028387 0.276729766902 0.15 1.0
0.0 0.553571429 0.9 0.0 0.451070568799 0.340447705957 0.524167669195 0.15 1.0
0.0 0.188466460788 0.9 0.0 0.643215235282 0.686211734935 0.518274229254 0.85 1.0
0.0 0.307078007836 0.9 0.0 0.323018191832 0.679175933336 0.42134203209 0.15 1.0
0.0 0.553571429 0.9 0.0 0.591857778888 0.312948970845 0.212580673266 0.15 1.0
0.0 0.283783912278 0.9 0.0 0.549383469137 0.649154225738 0.214816753866 0.15 1.0
0.0 0.267261446181 0.9 0.0 0.384006877324 0.647103655455 0.306870090952 0.85 1.0
0.0 0.553571429 0.9 0.0 0.624490951175 0.281757735435 0.429637936624 0.15 1.0
0.0 0.553571429 0.9 0.0 0.55337953783 0.316301384875 0.246382035195 0.85 1.0
0.0 0.500829343728 0.9 0.0 0.563932039825 0.449203126822 0.563843809327 0.85 1.0
0.0 0.474551314474 0.9 0.0 0.698101135599 0.407601886797 0.533356143154 0.15 1.0
0.0 0.639524893133 0.9 0.0 0.248807333156 0.332729482258 0.424219248053 0.85 1.0
0.0 0.255999619096 0.9 0.0 0.534001083712 0.342982697271 0.583862794794 0.85 1.0
0.0 0.553571429 0.9 0.0 0.777935988959 0.344611997473 0.578397711184 0.15 1.0
0.0 0.282285900739 0.9 0.0 0.429741372517 0.654308355373 0.203096645898 0.85 1.0
0.0 0.650560940937 0.9 0.0 0.571179462189 0.622916619021 0.538333505804 0.15 0.0
0.0 0.553571429 0.9 0.0 0.571179462189 0.622916619021 0.538333505804 0.15 1.0
0.0 0.398672669382 0.9 0.0 0.576523300813 0.698521024309 0.355353782028 0.85 1.0
0.0 0.553571429 0.9 0.0 0.630449953296 0.34082482804 0.203591196021 0.15 1.0
0.0 0.553571429 0.9 0.0 0.323598643637 0.363597699825 0.248316050576 0.85 1.0
0.0 0.460293677485 0.9 0.0 0.53035925823 0.520586412412 0.61851939624 0.15 1.0
0.0 0.489144751164 0.9 0.0 0.767280918996 0.675687252183 0.498997585839 0.15 1.0
0.0 0.630905138346 0.9 0.0 0.418267517226 0.292276608709 0.641414184198 0.15 1.0
0.0 0.486839270481 0.9 0.0 0.459512291985 0.453026621785 0.176480752079 0.15 1.0
0.0 0.571274613378 0.9 0.0 0.459464475629 0.69343635903 0.508215855993 0.15 1.0
0.0 0.319857235853 0.9 0.0 0.33865814184 0.409847380918 0.72261988954 0.15 1.0
0.0 0.385256418571 0.9 0.0 0.310200457876 0.366826121499 0.66831086984 0.15 1.0
0.0 0.618134996467 0.9 0.0 0.435917282512 0.725117248226 0.39781650824 0.15 1.0
0.0 0.553571429 0.9 0.0 0.340097348045 0.363207004915 0.429767069493 0.15 1.0
0.0 0.277221832788 0.9 0.0 0.537619198627 0.249960205996 0.476963783391 0.15 1.0
0.0 0.553571429 0.9 0.0 0.478110837623 0.648616793317 0.562129500044 0.15 1.0
0.0 0.608848504338 0.9 0.0 0.407601886797 0.329599044385 0.474551314474 0.15 1.0
0.0 0.491818648127 0.9 0.0 0.672818742794 0.644399164304 0.460171350352 0.15 1.0
0.0 0.609772755477 0.9 0.0 0.211884825728 0.274552792618 0.539114547627 0.15 1.0
0.0 0.571531191061 0.9 0.0 0.674059741463 0.495687062206 0.633169436639 0.15 0.0
0.0 0.553571429 0.9 0.0 0.674059741463 0.495687062206 0.633169436639 0.15 0.0
0.0 0.553571429 0.9 0.0 0.542474309751 0.342174154434 0.515069556115 0.15 1.0