0.0 0.553571429 0.9 1.0 0.647580179026 0.399929929176 0.747673009832 0.15 1.0
1.0 0.553571429 0.9 0.0 0.305850893106 0.545361706666 0.781711068477 0.15 1.0
0.0 0.553571429 0.9 1.0 0.305850893106 0.454638293334 0.781711068477 0.15 0.0
1.0 0.553571429 0.9 0.0 0.305850893106 0.545361706666 0.781711068477 0.15 1.0
1.0 0.553571429 0.9 0.0 0.305850893106 0.545361706666 0.781711068477 0.15 1.0
1.0 0.553571429 0.9 0.0 0.459102253135 0.692578455518 0.466135308725 0.15 1.0
0.0 0.710129943866 0.9 0.0 0.493899375943 0.302242961559 0.613312975753 0.15 0.0
0.0 0.553571429 0.9 1.0 0.493899375943 0.302242961559 0.613312975753 0.15 0.0
1.0 0.553571429 0.9 0.0 0.493899375943 0.697757038441 0.613312975753 0.15 1.0
1.0 0.553571429 0.9 0.0 0.755621787621 0.613540503439 0.474073616834 0.15 0.0
0.0 0.553571429 0.9 1.0 0.755621787621 0.386459496561 0.474073616834 0.15 1.0
0.0 0.553571429 0.9 1.0 0.521304766127 0.43760300256 0.370822846037 0.15 1.0
1.0 0.553571429 0.9 0.0 0.521304766127 0.56239699744 0.370822846037 0.15 0.0
0.0 0.553571429 0.9 1.0 0.521304766127 0.43760300256 0.370822846037 0.15 1.0
1.0 0.499226852361 0.9 0.0 0.284784799752 0.788834003887 0.218615585802 0.15 1.0
0.0 0.553571429 0.9 1.0 0.524065207772 0.353958653137 0.562675429699 0.15 1.0
1.0 0.553571429 0.9 0.0 0.524065207772 0.646041346863 0.562675429699 0.15 0.0
0.0 0.553571429 0.9 1.0 0.524065207772 0.353958653137 0.562675429699 0.15 1.0
1.0 0.464801763962 0.9 0.0 0.49324015434 0.790675660674 0.541907935357 0.15 1.0
1.0 0.293560162515 0.9 0.0 0.470456305881 0.615993122676 0.588259560834 0.15 1.0
0.0 0.340328128133 0.9 1.0 0.746499173252 0.243337177339 0.538010044512 0.15 1.0
0.0 0.470358333092 0.9 1.0 0.701592031809 0.333958639574 0.706082069103 0.15 1.0
0.0 0.510133407504 0.9 0.0 0.58469823092 0.397773800139 0.329004982537 0.85 0.0
1.0 0.553571429 0.9 0.0 0.489794433166 0.554705542252 0.172861900839 0.15 1.0
0.0 0.553571429 0.9 1.0 0.489794433166 0.445294457748 0.172861900839 0.15 0.0
1.0 0.553571429 0.9 0.0 0.489794433166 0.554705542252 0.172861900839 0.15 1.0
1.0 0.594369511576 0.9 0.0 0.269454286772 0.653472480525 0.501200758529 0.15 1.0
1.0 0.307742661196 0.9 0.0 0.551040234168 0.718721237012 0.409777127201 0.15 0.0
0.0 0.553571429 0.9 1.0 0.551040234168 0.281278762988 0.409777127201 0.15 1.0
1.0 0.553571429 0.9 0.0 0.551040234168 0.718721237012 0.409777127201 0.15 0.0
0.0 0.553571429 0.9 1.0 0.551040234168 0.281278762988 0.409777127201 0.15 1.0
0.0 0.478240517377 0.9 1.0 0.71508286745 0.237521700651 0.674429544499 0.15 1.0
1.0 0.293774782962 0.9 0.0 0.411438628561 0.525293553926 0.464771420726 0.15 1.0
0.0 0.553571429 0.9 1.0 0.411438628561 0.474706446074 0.464771420726 0.15 0.0
1.0 0.553571429 0.9 0.0 0.411438628561 0.525293553926 0.464771420726 0.15 1.0
0.0 0.2641766334 0.9 1.0 0.737007335553 0.295268328027 0.533464750406 0.15 1.0
0.0 0.441140689509 0.9 1.0 0.681009325298 0.294112220569 0.834002740935 0.15 1.0
0.0 0.667252667478 0.9 0.0 0.258958443053 0.628702948334 0.308613451112 0.15 0.0
1.0 0.553571429 0.9 0.0 0.258958443053 0.628702948334 0.308613451112 0.15 1.0
0.0 0.553571429 0.9 1.0 0.524689353082 0.485777729483 0.485082393915 0.15 1.0
1.0 0.512157406741 0.9 0.0 0.347602422119 0.668066543812 0.193041112593 0.15 1.0
0.0 0.605702122731 0.9 1.0 0.482920588932 0.416257152455 0.579007055601 0.15 0.0
1.0 0.553571429 0.9 0.0 0.482920588932 0.583742847545 0.579007055601 0.15 1.0
0.0 0.553571429 0.9 1.0 0.482920588932 0.416257152455 0.579007055601 0.15 0.0
1.0 0.553571429 0.9 0.0 0.482920588932 0.583742847545 0.579007055601 0.15 1.0
1.0 0.553571429 0.9 0.0 0.22911949755 0.520628753983 0.426821738958 0.15 1.0
1.0 0.553571429 0.9 0.0 0.521513637026 0.584322914819 0.573989503706 0.15 0.0
0.0 0.553571429 0.9 1.0 0.521513637026 0.415677085181 0.573989503706 0.15 1.0
1.0 0.477765772633 0.9 0.0 0.332710466206 0.723001780117 0.495433016324 0.15 1.0
1.0 0.553571429 0.9 0.0 0.338124853869 0.598766938273 0.552385173914 0.15 1.0
0.0 0.622232950026 0.9 1.0 0.738204789153 0.350667671413 0.312037929964 0.15 1.0
1.0 0.326705838735 0.9 0.0 0.497879922133 0.648956771022 0.583358554834 0.15 1.0
1.0 0.386904761905 0.9 0.0 0.298702407259 0.731986245352 0.756579788021 0.15 1.0
0.0 0.574500555411 0.9 1.0 0.691275895588 0.279182539316 0.285101076114 0.15 1.0
0.0 0.560176169294 0.9 1.0 0.683502683043 0.489034432285 0.53000759874 0.15 1.0
1.0 0.675032126144 0.9 0.0 0.312136188854 0.729735854682 0.735880902981 0.15 1.0
0.0 0.553571429 0.9 1.0 0.507897644191 0.301084066505 0.446710456057 0.15 1.0
0.0 0.434555810647 0.9 1.0 0.802701843098 0.497310048 0.555333763727 0.15 1.0
1.0 0.425879772151 0.9 0.0 0.392405126412 0.527381910581 0.594766709536 0.15 1.0
0.0 0.553571429 0.9 1.0 0.718666625535 0.358355650327 0.641553944998 0.15 1.0
0.0 0.375143410052 0.9 1.0 0.536528642426 0.493972848826 0.290067625653 0.15 1.0
1.0 0.363058493603 0.9 0.0 0.483777633925 0.643676812576 0.340250993425 0.15 1.0
0.0 0.517884957114 0.9 1.0 0.679306368766 0.431339776178 0.678327076999 0.15 1.0
0.0 0.600181307952 0.9 1.0 0.62329543288 0.374745363281 0.245799831446 0.15 1.0
0.0 0.33653316948 0.9 0.0 0.757774705016 0.42364074846 0.609821367808 0.85 0.0
0.0 0.514174936606 0.9 1.0 0.64993998718 0.478809534346 0.609043181026 0.15 1.0
0.0 0.244486463919 0.9 1.0 0.692340954342 0.280307546582 0.64288039399 0.15 1.0
0.0 0.592678947279 0.9 1.0 0.632111118637 0.248325919042 0.707883570801 0.15 1.0
1.0 0.478714885077 0.9 0.0 0.303512875408 0.565517192461 0.503879783426 0.15 1.0
1.0 0.553571429 0.9 0.0 0.350845774262 0.666716205124 0.283783912278 0.15 1.0
1.0 0.227624280442 0.9 0.0 0.303512875408 0.569623666468 0.285013398773 0.15 1.0
1.0 0.308737704972 0.9 0.0 0.39450425022 0.639378692953 0.579007055601 0.15 1.0
1.0 0.527875150914 0.9 0.0 0.367468889854 0.555704240248 0.646614618582 0.15 1.0
0.0 0.424414867167 0.9 1.0 0.521240321209 0.374201110672 0.442498876908 0.15 1.0
1.0 0.424414867167 0.9 0.0 0.521240321209 0.625798889328 0.442498876908 0.15 0.0
0.0 0.424414867167 0.9 1.0 0.521240321209 0.374201110672 0.442498876908 0.15 1.0
1.0 0.43809650997 0.9 0.0 0.211655096521 0.732520806883 0.467193916774 0.15 1.0
1.0 0.575751043448 0.9 0.0 0.359276980498 0.704065871343 0.204632764865 0.15 1.0
1.0 0.553571429 0.9 0.0 0.427935677531 0.601035695699 0.383814089536 0.15 1.0
0.0 0.553571429 0.9 1.0 0.509436095437 0.331196565309 0.512353838389 0.15 1.0
1.0 0.487569800647 0.9 0.0 0.5 0.686069184992 0.535714285714 0.15 1.0
0.0 0.487569800647 0.9 1.0 0.5 0.313930815008 0.535714285714 0.15 0.0
1.0 0.487569800647 0.9 0.0 0.5 0.686069184992 0.535714285714 0.15 1.0
0.0 0.553571429 0.9 1.0 0.5 0.313930815008 0.535714285714 0.15 0.0
1.0 0.553571429 0.9 0.0 0.5 0.686069184992 0.535714285714 0.15 1.0
1.0 0.553571429 0.9 0.0 0.5 0.686069184992 0.535714285714 0.15 1.0
0.0 0.600008869387 0.9 1.0 0.531765440124 0.266771172927 0.445017035261 0.15 1.0
0.0 0.474670678829 0.9 1.0 0.572678571056 0.218531907547 0.483585021765 0.15 1.0
0.0 0.553571429 0.9 1.0 0.682904010479 0.495687062206 0.656545563349 0.15 1.0
0.0 0.576464598601 0.9 1.0 0.519418974692 0.317145285122 0.418284593861 0.15 1.0
1.0 0.48446627884 0.9 0.0 0.5 0.796864610425 0.589285714286 0.15 1.0
0.0 0.48446627884 0.9 1.0 0.5 0.203135389575 0.589285714286 0.15 0.0
1.0 0.48446627884 0.9 0.0 0.5 0.796864610425 0.589285714286 0.15 1.0
1.0 0.553571429 0.9 0.0 0.414957859629 0.593390866631 0.398672669382 0.15 1.0
1.0 0.472368683256 0.9 0.0 0.475864656212 0.717878426577 0.622495785828 0.15 1.0
0.0 0.439366934899 0.9 1.0 0.579126938052 0.36251372631 0.569887442678 0.15 1.0
0.0 0.553571429 0.9 1.0 0.53549912076 0.349586091166 0.512297721298 0.15 1.0
1.0 0.473864503092 0.9 0.0 0.330422830115 0.5276836899 0.782674247308 0.15 1.0
0.0 0.506971957487 0.9 1.0 0.622968311667 0.485719805155 0.549370573268 0.15 1.0
0.0 0.431217726139 0.9 1.0 0.576945655803 0.4314915201 0.411816670036 0.15 1.0
1.0 0.553571429 0.9 0.0 0.317022710326 0.52325421026 0.50478916698 0.15 1.0
1.0 0.592678947279 0.9 0.0 0.355423280596 0.561287580424 0.371292745872 0.15 1.0
0.0 0.553571429 0.9 1.0 0.611088355557 0.324312747817 0.559889208219 0.15 1.0
1.0 0.602443813072 0.9 0.0 0.333733108825 0.728683794586 0.614449000065 0.15 1.0
1.0 0.595064463023 0.9 0.0 0.403643152649 0.591708063061 0.356249161373 0.15 1.0
0.0 0.270912841766 0.9 1.0 0.566790546622 0.363490650119 0.602959260587 0.15 1.0
1.0 0.387884206037 0.9 0.0 0.277812412637 0.568413150865 0.701820029325 0.15 1.0
0.0 0.623856263792 0.9 1.0 0.5054974705 0.253573462349 0.422749853384 0.15 1.0
1.0 0.356025474744 0.9 0.0 0.310365275698 0.566609653539 0.495692430728 0.15 1.0
0.0 0.268269011548 0.9 1.0 0.720082134064 0.2980751411 0.506660596477 0.15 1.0
0.0 0.373095871633 0.9 1.0 0.739732557501 0.247414906846 0.419305669266 0.15 1.0
1.0 0.464771420726 0.9 0.0 0.468889467221 0.588561371439 0.504817563856 0.15 1.0
1.0 0.56733701526 0.9 0.0 0.299779194772 0.704158804168 0.727049362415 0.15 1.0
1.0 0.275519367123 0.9 0.0 0.295176789365 0.744823841773 0.638987569409 0.15 1.0
1.0 0.553571429 0.9 0.0 0.369173702231 0.692677644783 0.464953456496 0.15 1.0
0.0 0.553571429 0.9 1.0 0.509525876584 0.327267435355 0.50640573127 0.15 1.0
0.0 0.585348199642 0.9 1.0 0.72052613601 0.240049913491 0.582879191358 0.15 1.0
1.0 0.467858350235 0.9 0.0 0.496573157121 0.660480549807 0.315516958296 0.15 1.0
1.0 0.50640573127 0.9 0.0 0.379566364234 0.509525876584 0.330898837832 0.15 1.0
0.0 0.295145720407 0.9 1.0 0.518635246281 0.467551644802 0.28087088172 0.15 1.0
0.0 0.356584494071 0.9 1.0 0.79563178051 0.30129899358 0.524277827663 0.15 1.0
0.0 0.377146798723 0.9 1.0 0.560522521105 0.454736690646 0.353032858545 0.15 1.0
0.0 0.714817007507 0.9 0.0 0.620401039651 0.347943028004 0.485316939207 0.85 0.0
1.0 0.647724408614 0.9 0.0 0.307825813202 0.707476761498 0.369265340524 0.15 1.0
1.0 0.542416991373 0.9 0.0 0.480628664111 0.568386716463 0.573503655281 0.15 1.0
1.0 0.553571429 0.9 0.0 0.274552792618 0.544994881156 0.427567661846 0.15 1.0
1.0 0.424414867167 0.9 0.0 0.367418037797 0.625798889328 0.563921630234 0.15 1.0
1.0 0.248123107459 0.9 0.0 0.514556860673 0.57408065905 0.495086959998 0.15 0.0
0.0 0.553571429 0.9 1.0 0.514556860673 0.42591934095 0.495086959998 0.15 1.0
0.0 0.41996340108 0.9 1.0 0.678433575939 0.240330064748 0.581464422377 0.15 1.0
0.0 0.553571429 0.9 1.0 0.675930850136 0.337185932416 0.239925863888 0.15 1.0
1.0 0.553571429 0.9 0.0 0.5 0.726468570105 0.196428571429 0.15 1.0
0.0 0.169688877039 0.9 1.0 0.760062828807 0.437461554114 0.550641532791 0.15 1.0
1.0 0.571120620983 0.9 0.0 0.390922401356 0.565474221803 0.458824042826 0.15 1.0
0.0 0.282418303069 0.9 1.0 0.626863458124 0.432414375429 0.248653457416 0.15 1.0
0.0 0.262323059039 0.9 1.0 0.720992139595 0.350730379816 0.612611144643 0.15 1.0
0.0 0.576337231739 0.9 1.0 0.614231354778 0.333872133638 0.636975062348 0.15 1.0
0.0 0.476220237351 0.9 1.0 0.508774476676 0.497498331616 0.220446886467 0.15 1.0
1.0 0.388547752508 0.9 0.0 0.411799957325 0.721421747376 0.553255298655 0.15 1.0
1.0 0.549238042645 0.9 0.0 0.215590111841 0.576970640841 0.418910644176 0.15 1.0
1.0 0.329084052969 0.9 0.0 0.463054796056 0.672955338564 0.609116171366 0.15 1.0
1.0 0.289417582483 0.9 0.0 0.421089364139 0.704222035603 0.475773663588 0.15 1.0
0.0 0.566717301371 0.9 1.0 0.635199544168 0.264973580978 0.575113320815 0.15 1.0
1.0 0.586504142329 0.9 0.0 0.333391028121 0.620712849017 0.410848030201 0.15 1.0
1.0 0.496470017947 0.9 0.0 0.323890155014 0.581259061235 0.294803411804 0.15 1.0
1.0 0.553571429 0.9 0.0 0.338492961276 0.652639827942 0.454763139694 0.15 1.0
1.0 0.383814089536 0.9 0.0 0.303512875408 0.526702615804 0.697492354465 0.15 1.0
1.0 0.659099564041 0.9 0.0 0.370436031512 0.720883157945 0.470117832846 0.15 1.0
0.0 0.190990872455 0.9 1.0 0.65377341283 0.485582797952 0.376396477302 0.15 1.0
0.0 0.553571429 0.9 1.0 0.624028115445 0.342219194523 0.544128831481 0.15 1.0
1.0 0.552411557898 0.9 0.0 0.272174288748 0.787894543611 0.453650623174 0.15 1.0
1.0 0.405978025505 0.9 0.0 0.243535100697 0.74901728535 0.465893072172 0.15 1.0
1.0 0.376753914832 0.9 0.0 0.355129992129 0.521049299223 0.435674686917 0.15 1.0
1.0 0.53822570306 0.9 0.0 0.348776184763 0.727001530198 0.582677256137 0.15 1.0
0.0 0.73116410595 0.9 0.0 0.254784313616 0.696487124592 0.511595836322 0.15 0.0
1.0 0.553571429 0.9 0.0 0.254784313616 0.696487124592 0.511595836322 0.15 1.0
0.0 0.508441754434 0.9 1.0 0.72507072132 0.311904866518 0.39781650824 0.15 1.0
0.0 0.379390986082 0.9 1.0 0.560321657899 0.324663624413 0.628776132121 0.15 1.0
1.0 0.379390986082 0.9 0.0 0.560321657899 0.675336375587 0.628776132121 0.15 0.0
0.0 0.379390986082 0.9 1.0 0.560321657899 0.324663624413 0.628776132121 0.15 1.0
1.0 0.39781650824 0.9 0.0 0.272584553214 0.534684220785 0.597738678514 0.15 1.0
1.0 0.553571429 0.9 0.0 0.435121634927 0.536646705266 0.182709329896 0.15 1.0
0.0 0.338937715754 0.9 1.0 0.634490834514 0.228835852346 0.241305020659 0.15 1.0
1.0 0.558400281234 0.9 0.0 0.521150749005 0.735503415045 0.585851016337 0.15 0.0
0.0 0.558400281234 0.9 1.0 0.521150749005 0.264496584955 0.585851016337 0.15 1.0
1.0 0.192416082189 0.9 0.0 0.27947386399 0.613854925364 0.582879191358 0.15 1.0
0.0 0.255999619096 0.9 1.0 0.681301785187 0.264043053546 0.644181326968 0.15 1.0
0.0 0.447179951927 0.9 1.0 0.73394069916 0.447006005802 0.64288039399 0.15 1.0
0.0 0.557143905096 0.9 1.0 0.744532771309 0.457959806382 0.498395356185 0.15 1.0
0.0 0.620989189806 0.9 0.0 0.719167977925 0.426506528969 0.252869032186 0.15 0.0
0.0 0.553571429 0.9 1.0 0.719167977925 0.426506528969 0.252869032186 0.15 1.0
0.0 0.396924593637 0.9 1.0 0.682243845074 0.278984380801 0.694601707602 0.15 1.0
0.0 0.553571429 0.9 1.0 0.643775578926 0.359149421464 0.625571209311 0.15 1.0
0.0 0.338937715754 0.9 0.0 0.700775421867 0.539177902302 0.617630167368 0.85 0.0
0.0 0.603768506898 0.9 1.0 0.548276506551 0.238691982233 0.408603338385 0.15 1.0
0.0 0.468552181903 0.9 1.0 0.714076056701 0.280183060685 0.480106168198 0.15 1.0
1.0 0.219035043361 0.9 0.0 0.276205388498 0.614023280101 0.499140887379 0.15 1.0
1.0 0.568574767503 0.9 0.0 0.321255077633 0.570218612259 0.653134736079 0.15 1.0
1.0 0.36103321551 0.9 0.0 0.434062858758 0.575589234797 0.269365192883 0.15 1.0
1.0 0.345276249958 0.9 0.0 0.513509834918 0.657780805477 0.322071602706 0.15 0.0
0.0 0.345276249958 0.9 1.0 0.513509834918 0.342219194523 0.322071602706 0.15 1.0
0.0 0.469124729859 0.9 1.0 0.65377341283 0.263962688891 0.500257501389 0.15 1.0
0.0 0.56612288293 0.9 1.0 0.576015640842 0.2571434192 0.617052795883 0.15 1.0
0.0 0.522043429421 0.9 1.0 0.508698238624 0.434205246436 0.565890143986 0.15 1.0
1.0 0.252344702138 0.9 0.0 0.312489668205 0.594448683486 0.702229972322 0.15 1.0
0.0 0.348318535535 0.9 1.0 0.592688003198 0.296753029748 0.653616368199 0.15 1.0
0.0 0.409777127201 0.9 1.0 0.620788225687 0.448959765832 0.714306972518 0.15 1.0
1.0 0.379426526644 0.9 0.0 0.471593958372 0.55114111125 0.563921630234 0.15 1.0
0.0 0.346799876265 0.9 1.0 0.624750542341 0.384006877324 0.565502069904 0.15 1.0
0.0 0.553571429 0.9 1.0 0.516653702159 0.5 0.328371916023 0.15 1.0
0.0 0.615824375297 0.9 1.0 0.572915255164 0.260312252667 0.378109833758 0.15 1.0
0.0 0.348318535535 0.9 1.0 0.526702615804 0.310272721068 0.551434659063 0.15 1.0
1.0 0.553571429 0.9 0.0 0.526702615804 0.689727278932 0.551434659063 0.15 0.0
0.0 0.553571429 0.9 1.0 0.526702615804 0.310272721068 0.551434659063 0.15 1.0
1.0 0.458609408715 0.9 0.0 0.319527833822 0.507734911012 0.53889918042 0.15 1.0
0.0 0.640854883948 0.9 1.0 0.743006117648 0.3229318501 0.313514816643 0.15 1.0
0.0 0.553571429 0.9 1.0 0.70735746004 0.334922303119 0.268543347526 0.15 1.0
1.0 0.48952329719 0.9 0.0 0.271409589201 0.517142007025 0.40719133584 0.15 1.0
1.0 0.553571429 0.9 0.0 0.400599307093 0.556594412897 0.603940048759 0.15 1.0
0.0 0.553571429 0.9 1.0 0.582761388566 0.325108847523 0.504021962097 0.15 1.0
0.0 0.629770421634 0.9 1.0 0.528908827888 0.266820559354 0.552094881645 0.15 1.0
0.0 0.614931881367 0.9 1.0 0.807158174152 0.365844296133 0.500371912091 0.15 1.0
1.0 0.585901278282 0.9 0.0 0.320009924378 0.645346013341 0.775197334129 0.15 1.0
1.0 0.387779356129 0.9 0.0 0.300879549749 0.717286997 0.280826581692 0.15 1.0
0.0 0.553571429 0.9 1.0 0.526941332503 0.407311996802 0.323995096808 0.15 1.0
0.0 0.562753383966 0.9 1.0 0.700258324001 0.447189687985 0.718632371426 0.15 1.0
1.0 0.384482999585 0.9 0.0 0.288460272522 0.529643246512 0.230930109431 0.15 1.0
1.0 0.553571429 0.9 0.0 0.350424338271 0.668051407366 0.716345244118 0.15 1.0
0.0 0.327539654331 0.9 1.0 0.666716205124 0.493330242625 0.660918730014 0.15 1.0
1.0 0.415905543969 0.9 0.0 0.311328306268 0.74201017212 0.689468911143 0.15 1.0
0.0 0.571531191061 0.9 1.0 0.68850551961 0.263700816854 0.672641424675 0.15 1.0
0.0 0.601657660365 0.9 1.0 0.743744510264 0.402504589162 0.463738810681 0.15 1.0
0.0 0.283343899551 0.9 1.0 0.590911941515 0.466594346501 0.333098309877 0.15 1.0
0.0 0.564621619779 0.9 1.0 0.719167977925 0.260171110129 0.29935861359 0.15 1.0
1.0 0.320341322237 0.9 0.0 0.475669663908 0.737409247874 0.371364998192 0.15 1.0
1.0 0.582121634411 0.9 0.0 0.495095232881 0.717536423814 0.184582160592 0.15 1.0
1.0 0.435930113341 0.9 0.0 0.490906727476 0.667965330031 0.536147043134 0.15 1.0
0.0 0.553571429 0.9 1.0 0.68927253359 0.303512875408 0.756782081522 0.15 1.0
1.0 0.542979176829 0.9 0.0 0.379431012484 0.645232055631 0.317591069883 0.15 1.0
1.0 0.452504946865 0.9 0.0 0.338311227197 0.737197474355 0.305954048283 0.15 1.0
1.0 0.553571429 0.9 0.0 0.311000913253 0.57254489988 0.584165165218 0.15 1.0
0.0 0.614931881367 0.9 1.0 0.706389877157 0.402169458516 0.73183061206 0.15 1.0
1.0 0.573810546555 0.9 0.0 0.325530135663 0.538842696817 0.455596113626 0.15 1.0
1.0 0.576464598601 0.9 0.0 0.493178731514 0.682854714878 0.535957746944 0.15 1.0
1.0 0.28928744967 0.9 0.0 0.377031688333 0.759025570477 0.549370573268 0.15 1.0
1.0 0.59647710001 0.9 0.0 0.363362683288 0.573911963744 0.591458252923 0.15 1.0
0.0 0.553571429 0.9 1.0 0.69280834305 0.350424338271 0.453434049455 0.15 1.0
0.0 0.56805930837 0.9 1.0 0.716196915982 0.261944837131 0.522706284378 0.15 1.0
1.0 0.550826679581 0.9 0.0 0.283699233805 0.524492226823 0.41295007075 0.15 1.0
1.0 0.553571429 0.9 0.0 0.262934753528 0.563674675698 0.584668827211 0.15 1.0
0.0 0.416831985074 0.9 1.0 0.542937082396 0.446801518898 0.334037672238 0.15 1.0
0.0 0.368648210566 0.9 1.0 0.791329498263 0.412746152424 0.438223682793 0.15 1.0
1.0 0.254769487336 0.9 0.0 0.530856031161 0.5400062939 0.606703614233 0.15 0.0
0.0 0.553571429 0.9 1.0 0.530856031161 0.4599937061 0.606703614233 0.15 1.0
1.0 0.609772755477 0.9 0.0 0.331196565309 0.725447207382 0.681342910631 0.15 1.0
1.0 0.505952380952 0.9 0.0 0.338124853869 0.731986245352 0.552385173914 0.15 1.0
1.0 0.552411557898 0.9 0.0 0.508931031835 0.55590829826 0.214498231574 0.15 0.0
0.0 0.552411557898 0.9 1.0 0.508931031835 0.44409170174 0.214498231574 0.15 1.0
1.0 0.293517225028 0.9 0.0 0.299273024138 0.691382217374 0.377682048691 0.15 1.0
1.0 0.400039590015 0.9 0.0 0.433390346461 0.714760060949 0.559628229226 0.15 1.0
0.0 0.370786681225 0.9 1.0 0.676246927261 0.386726065642 0.818409862981 0.15 1.0
1.0 0.553571429 0.9 0.0 0.334827299892 0.622009921916 0.521518182791 0.15 1.0
1.0 0.586504142329 0.9 0.0 0.232719081004 0.611273396335 0.498997585839 0.15 1.0
1.0 0.336960707745 0.9 0.0 0.464881663081 0.657069131022 0.434011539729 0.15 1.0
0.0 0.320341322237 0.9 1.0 0.707126458095 0.262590752126 0.67295463707 0.15 1.0
1.0 0.553571429 0.9 0.0 0.385902107561 0.591312141417 0.583736768721 0.15 1.0
1.0 0.553571429 0.9 0.0 0.26894204418 0.589290506872 0.522623464955 0.15 1.0
1.0 0.618110964825 0.9 0.0 0.275829185508 0.706488799721 0.452659902152 0.15 1.0
0.0 0.553571429 0.9 1.0 0.511718383647 0.462262234948 0.262323059039 0.15 1.0
0.0 0.541559407853 0.9 1.0 0.676928095614 0.393081832732 0.797097099392 0.15 1.0
0.0 0.36324218807 0.9 1.0 0.778990522469 0.395057151732 0.543808198206 0.15 1.0
1.0 0.553387037515 0.9 0.0 0.444699511956 0.546777571959 0.423925687237 0.15 1.0
0.0 0.553571429 0.9 1.0 0.697810790425 0.479200127591 0.676458644548 0.15 1.0
0.0 0.315149910115 0.9 1.0 0.717578576329 0.252226970114 0.48075629827 0.15 1.0
1.0 0.356249161373 0.9 0.0 0.373549371826 0.596356847351 0.581666707118 0.15 1.0
0.0 0.617317480676 0.9 1.0 0.663523476246 0.349530962217 0.585750481696 0.15 1.0
1.0 0.381978821703 0.9 0.0 0.385600328241 0.541804722385 0.298892611465 0.15 1.0
1.0 0.553571429 0.9 0.0 0.195335183592 0.682672404707 0.483585021765 0.15 1.0
0.0 0.526230011089 0.9 1.0 0.649709552633 0.237475704113 0.673424223553 0.15 1.0
1.0 0.548574994896 0.9 0.0 0.33216811451 0.718596802714 0.359702939705 0.15 1.0
1.0 0.45596593694 0.9 0.0 0.218208405343 0.618309493305 0.434747778553 0.15 1.0
0.0 0.584694000848 0.9 1.0 0.536462563406 0.463902375173 0.536714603843 0.15 1.0
0.0 0.335598963189 0.9 1.0 0.593715127573 0.298880531242 0.629273442016 0.15 1.0
1.0 0.53305737994 0.9 0.0 0.374596123781 0.745237240203 0.376432232658 0.15 1.0
0.0 0.595634810467 0.9 1.0 0.580494001916 0.369088753108 0.257414007163 0.15 1.0
0.0 0.477528258589 0.9 1.0 0.652149732532 0.391822308184 0.453928954815 0.15 1.0
1.0 0.553571429 0.9 0.0 0.473297384196 0.681930263918 0.216193520008 0.15 1.0
1.0 0.553571429 0.9 0.0 0.306014543792 0.579230501663 0.722788256716 0.15 1.0
1.0 0.350436405636 0.9 0.0 0.475669663908 0.671775673182 0.371364998192 0.15 1.0
1.0 0.553571429 0.9 0.0 0.34750124586 0.666005171337 0.723103854447 0.15 1.0
0.0 0.184523809524 0.9 1.0 0.651701945966 0.5 0.779190136649 0.15 1.0
0.0 0.285101076114 0.9 1.0 0.522314027823 0.298301646405 0.616017204478 0.15 1.0
1.0 0.285101076114 0.9 0.0 0.522314027823 0.701698353595 0.616017204478 0.15 0.0
0.0 0.285101076114 0.9 1.0 0.522314027823 0.298301646405 0.616017204478 0.15 1.0
0.0 0.358072010175 0.9 1.0 0.695254744525 0.354627633011 0.735383441742 0.15 1.0
1.0 0.553571429 0.9 0.0 0.705748638635 0.661329772987 0.676992929892 0.15 0.0
0.0 0.553571429 0.9 1.0 0.705748638635 0.338670227013 0.676992929892 0.15 1.0
1.0 0.50798987617 0.9 0.0 0.433911182302 0.805720401608 0.633240086144 0.15 1.0
0.0 0.303739068026 0.9 1.0 0.693238278963 0.346057321176 0.52918825667 0.15 1.0
0.0 0.553571429 0.9 1.0 0.624028115445 0.365102235152 0.544128831481 0.15 1.0
1.0 0.553571429 0.9 0.0 0.3216754566 0.675296658937 0.809371171826 0.15 1.0
0.0 0.567027228287 0.9 1.0 0.589290506872 0.301978077626 0.630574356735 0.15 1.0
0.0 0.553571429 0.9 1.0 0.699614151446 0.325979903855 0.554440020711 0.15 1.0
0.0 0.553571429 0.9 1.0 0.660988003832 0.447769131481 0.416666666667 0.15 1.0
0.0 0.553571429 0.9 1.0 0.682755043498 0.315843360679 0.648140165987 0.15 1.0
0.0 0.44755526852 0.9 1.0 0.712922333202 0.41701264034 0.522098693508 0.15 1.0
0.0 0.477290649946 0.9 1.0 0.747576307141 0.380656517224 0.607362378998 0.15 1.0
0.0 0.580907837909 0.9 1.0 0.683332147843 0.318565478294 0.521601145099 0.15 1.0
0.0 0.455596113626 0.9 1.0 0.680264758517 0.281495615153 0.205725544422 0.15 1.0
0.0 0.221904845039 0.9 1.0 0.638585166933 0.300424449877 0.559863114835 0.15 1.0
1.0 0.315149910115 0.9 0.0 0.434205246436 0.767776380146 0.522043429421 0.15 1.0
0.0 0.38973299158 0.9 1.0 0.590495677046 0.232183495528 0.58738239684 0.15 1.0
1.0 0.451512236492 0.9 0.0 0.316823240446 0.79099496513 0.593276075175 0.15 1.0
0.0 0.553571429 0.9 1.0 0.686584372026 0.466283570043 0.73183061206 0.15 1.0
1.0 0.241305020659 0.9 0.0 0.342690777711 0.597495410838 0.366719184836 0.15 1.0
0.0 0.553571429 0.9 1.0 0.513757226854 0.354951125255 0.530744123275 0.15 1.0
0.0 0.341598986046 0.9 1.0 0.649269620184 0.356482839717 0.262323059039 0.15 1.0
1.0 0.630905138346 0.9 0.0 0.389444611632 0.685250857893 0.493353745124 0.15 1.0
1.0 0.445017035261 0.9 0.0 0.217179268685 0.692753443955 0.565269119819 0.15 1.0
1.0 0.393825219727 0.9 0.0 0.466183646532 0.595193250267 0.631849425748 0.15 1.0
1.0 0.491238362761 0.9 0.0 0.505053356594 0.803218733224 0.470358333092 0.15 0.0
0.0 0.198466460788 0.9 1.0 0.505053356594 0.293237485752 0.470358333092 0.15 1.0
0.0 0.432343376053 0.9 1.0 0.640836340577 0.301603178325 0.605922080843 0.15 1.0
1.0 0.460171350352 0.9 0.0 0.325904509012 0.672818742794 0.540190328284 0.15 1.0
0.0 0.419470177533 0.9 1.0 0.696487124592 0.441395160461 0.310267212387 0.15 1.0
0.0 0.505129844234 0.9 1.0 0.615164731078 0.259423328698 0.684876465826 0.15 1.0
1.0 0.545409817367 0.9 0.0 0.338258458757 0.542789868586 0.671432157192 0.15 1.0
1.0 0.6156797202 0.9 0.0 0.408499104147 0.676401356363 0.480106168198 0.15 1.0
1.0 0.646984727238 0.9 0.0 0.327567046202 0.696487124592 0.713966775702 0.15 1.0
0.0 0.553571429 0.9 1.0 0.7827093278 0.453753359284 0.578575491618 0.15 1.0
0.0 0.377111094861 0.9 1.0 0.57368819352 0.367888881363 0.434555810647 0.15 1.0
0.0 0.445299624936 0.9 1.0 0.664986911167 0.335317694593 0.551276108883 0.15 1.0
0.0 0.583862794794 0.9 1.0 0.621029526287 0.465998916288 0.277668635785 0.15 1.0
1.0 0.553571429 0.9 0.0 0.23572869915 0.509922380306 0.352732552867 0.15 1.0
0.0 0.640365158327 0.9 0.0 0.447189687985 0.254673264495 0.477528258589 0.85 0.0
0.0 0.651481140416 0.9 1.0 0.768244935113 0.296679188199 0.490918970499 0.15 1.0
0.0 0.619167616974 0.9 1.0 0.510205566834 0.359610843971 0.464771420726 0.15 1.0
0.0 0.510808796581 0.9 1.0 0.535118336919 0.366016857156 0.434011539729 0.15 1.0
1.0 0.27439530642 0.9 0.0 0.443560168878 0.545671943581 0.253487743531 0.15 1.0
1.0 0.524250289815 0.9 0.0 0.350290447367 0.509261514044 0.514929855033 0.15 1.0
1.0 0.581666707118 0.9 0.0 0.406423368117 0.571083248373 0.56516556099 0.15 1.0
1.0 0.354793310756 0.9 0.0 0.405492159462 0.617398586412 0.687845866801 0.15 1.0
0.0 0.642531552455 0.9 1.0 0.765426630932 0.362117714947 0.515181294826 0.15 1.0
