0.0 0.777472644397 0.9 0.0 0.323222666798 0.30233835269 0.201829332665 0.85 1.0
0.0 0.553571429 0.9 0.0 0.323222666798 0.30233835269 0.201829332665 0.85 0.0
0.0 0.575688775065 0.9 0.0 0.323222666798 0.5 0.201829332665 0.85 1.0
0.0 0.553571429 0.9 0.0 0.323222666798 0.5 0.201829332665 0.85 0.0
0.0 0.575688775065 0.9 0.0 0.323222666798 0.5 0.201829332665 0.85 1.0
0.0 0.575688775065 0.9 0.0 0.323222666798 0.5 0.201829332665 0.85 1.0
0.0 0.575688775065 0.9 0.0 0.323222666798 0.5 0.201829332665 0.85 1.0
0.0 0.673424223553 0.9 0.0 0.256924543336 0.417723307281 0.472009123205 0.15 1.0
0.0 0.553571429 0.9 0.0 0.256924543336 0.417723307281 0.472009123205 0.15 0.0
0.0 0.553571429 0.9 0.0 0.256924543336 0.600070070824 0.472009123205 0.15 0.0
0.0 0.635176590636 0.9 0.0 0.647580179026 0.399929929176 0.747673009832 0.15 1.0
0.0 0.553571429 0.9 1.0 0.647580179026 0.399929929176 0.747673009832 0.15 0.0
0.0 0.635176590636 0.9 0.0 0.647580179026 0.399929929176 0.747673009832 0.15 1.0
0.0 0.635176590636 0.9 0.0 0.647580179026 0.399929929176 0.747673009832 0.15 1.0
0.0 0.171731021905 0.9 1.0 0.647580179026 0.399929929176 0.747673009832 0.15 0.0
0.0 0.635176590636 0.9 0.0 0.647580179026 0.399929929176 0.747673009832 0.15 1.0
1.0 0.553571429 0.9 0.0 0.647580179026 0.600070070824 0.747673009832 0.15 0.0
0.0 0.607142857143 0.9 0.0 0.305850893106 0.545361706666 0.781711068477 0.15 1.0
0.0 0.553571429 0.9 0.0 0.305850893106 0.545361706666 0.781711068477 0.15 0.0
0.0 0.603674436416 0.9 0.0 0.305850893106 0.545361706666 0.781711068477 0.15 1.0
1.0 0.553571429 0.9 0.0 0.305850893106 0.545361706666 0.781711068477 0.15 0.0
0.0 0.553571429 0.9 1.0 0.305850893106 0.454638293334 0.781711068477 0.15 0.0
0.0 0.679412813632 0.9 0.0 0.459102253135 0.692578455518 0.466135308725 0.15 1.0
0.0 0.553571429 0.9 0.0 0.459102253135 0.692578455518 0.466135308725 0.15 0.0
0.0 0.602443813072 0.9 0.0 0.483955736774 0.335709545403 0.531098448615 0.15 0.0
0.0 0.744293889332 0.9 0.0 0.269607205565 0.312052124618 0.254769487336 0.15 1.0
0.0 0.553571429 0.9 0.0 0.269607205565 0.312052124618 0.254769487336 0.15 0.0
0.0 0.710129943866 0.9 0.0 0.493899375943 0.302242961559 0.613312975753 0.15 1.0
0.0 0.553571429 0.9 1.0 0.493899375943 0.302242961559 0.613312975753 0.15 0.0
0.0 0.705781436285 0.9 0.0 0.463204646399 0.365419700056 0.530825907807 0.15 1.0
0.0 0.64241912762 0.9 0.0 0.755621787621 0.613540503439 0.474073616834 0.15 1.0
0.0 0.553571429 0.9 0.0 0.755621787621 0.613540503439 0.474073616834 0.15 0.0
1.0 0.553571429 0.9 0.0 0.755621787621 0.613540503439 0.474073616834 0.15 0.0
0.0 0.64241912762 0.9 0.0 0.755621787621 0.613540503439 0.474073616834 0.15 1.0
0.0 0.613799885489 0.9 0.0 0.521304766127 0.43760300256 0.370822846037 0.15 1.0
0.0 0.613799885489 0.9 0.0 0.521304766127 0.56239699744 0.370822846037 0.15 1.0
0.0 0.553571429 0.9 0.0 0.521304766127 0.56239699744 0.370822846037 0.15 0.0
0.0 0.575688775065 0.9 0.0 0.702215325885 0.5 0.432471875471 0.85 1.0
0.0 0.553571429 0.9 0.0 0.702215325885 0.5 0.432471875471 0.85 0.0
0.0 0.730955715613 0.9 0.0 0.606375740911 0.661688772803 0.2272663859 0.15 1.0
0.0 0.553571429 0.9 0.0 0.606375740911 0.661688772803 0.2272663859 0.15 0.0
0.0 0.575688775065 0.9 0.0 0.642565827975 0.5 0.609116171366 0.85 1.0
0.0 0.553571429 0.9 0.0 0.642565827975 0.5 0.609116171366 0.85 0.0
0.0 0.658530201864 0.9 0.0 0.524065207772 0.353958653137 0.562675429699 0.15 1.0
0.0 0.553571429 0.9 0.0 0.524065207772 0.353958653137 0.562675429699 0.15 0.0
0.0 0.658860352626 0.9 0.0 0.524065207772 0.353958653137 0.562675429699 0.15 1.0
0.0 0.700673120305 0.9 0.0 0.49324015434 0.273531429895 0.541907935357 0.15 1.0
0.0 0.691761561237 0.9 0.0 0.49324015434 0.273531429895 0.541907935357 0.15 1.0
0.0 0.723272124886 0.9 0.0 0.445780706265 0.360252317378 0.545303162883 0.15 1.0
0.0 0.510133407504 0.9 0.0 0.58469823092 0.397773800139 0.329004982537 0.85 0.0
0.0 0.649247752393 0.9 0.0 0.489794433166 0.554705542252 0.172861900839 0.15 1.0
0.0 0.553571429 0.9 0.0 0.489794433166 0.554705542252 0.172861900839 0.15 0.0
0.0 0.609259370628 0.9 0.0 0.489794433166 0.554705542252 0.172861900839 0.15 1.0
1.0 0.553571429 0.9 0.0 0.489794433166 0.554705542252 0.172861900839 0.15 0.0
0.0 0.616947515359 0.9 0.0 0.591364337364 0.567784176258 0.530962192495 0.15 1.0
0.0 0.633240086144 0.9 0.0 0.406609133369 0.566088817698 0.648070888739 0.85 1.0
0.0 0.553571429 0.9 0.0 0.406609133369 0.566088817698 0.648070888739 0.85 0.0
0.0 0.68915245928 0.9 0.0 0.551040234168 0.281278762988 0.409777127201 0.15 1.0
0.0 0.553571429 0.9 0.0 0.551040234168 0.281278762988 0.409777127201 0.15 0.0
0.0 0.591452385004 0.9 0.0 0.411438628561 0.474706446074 0.464771420726 0.15 1.0
0.0 0.553571429 0.9 0.0 0.411438628561 0.474706446074 0.464771420726 0.15 0.0
0.0 0.639431472872 0.9 0.0 0.283629391491 0.46255727102 0.358072010175 0.85 1.0
0.0 0.553571429 0.9 0.0 0.283629391491 0.46255727102 0.358072010175 0.85 0.0
0.0 0.689249771275 0.9 0.0 0.26839453849 0.298301646405 0.663096144089 0.15 1.0
0.0 0.667252667478 0.9 0.0 0.258958443053 0.628702948334 0.308613451112 0.15 1.0
0.0 0.553571429 0.9 0.0 0.258958443053 0.628702948334 0.308613451112 0.15 0.0
0.0 0.614279916489 0.9 0.0 0.524689353082 0.485777729483 0.485082393915 0.15 1.0
0.0 0.553571429 0.9 0.0 0.524689353082 0.485777729483 0.485082393915 0.15 0.0
0.0 0.638987569409 0.9 0.0 0.246773433439 0.4344241223 0.442498876908 0.85 1.0
0.0 0.553571429 0.9 0.0 0.246773433439 0.4344241223 0.442498876908 0.85 0.0
0.0 0.575688775065 0.9 0.0 0.402937014912 0.5 0.620438397832 0.85 1.0
0.0 0.553571429 0.9 0.0 0.402937014912 0.5 0.620438397832 0.85 0.0
0.0 0.626101320312 0.9 0.0 0.482920588932 0.583742847545 0.579007055601 0.15 1.0
0.0 0.553571429 0.9 0.0 0.482920588932 0.583742847545 0.579007055601 0.15 0.0
0.0 0.626101320312 0.9 0.0 0.482920588932 0.583742847545 0.579007055601 0.15 1.0
0.0 0.603645952068 0.9 0.0 0.22911949755 0.520628753983 0.426821738958 0.15 1.0
0.0 0.553571429 0.9 0.0 0.22911949755 0.520628753983 0.426821738958 0.15 0.0
0.0 0.61890359578 0.9 0.0 0.521513637026 0.584322914819 0.573989503706 0.15 1.0
0.0 0.553571429 0.9 0.0 0.521513637026 0.584322914819 0.573989503706 0.15 0.0
0.0 0.626428964933 0.9 0.0 0.521513637026 0.415677085181 0.573989503706 0.15 1.0
0.0 0.553571429 0.9 0.0 0.521513637026 0.415677085181 0.573989503706 0.15 0.0
0.0 0.626428964933 0.9 0.0 0.521513637026 0.584322914819 0.573989503706 0.15 1.0
1.0 0.553571429 0.9 0.0 0.521513637026 0.584322914819 0.573989503706 0.15 0.0
0.0 0.626428964933 0.9 0.0 0.521513637026 0.584322914819 0.573989503706 0.15 1.0
0.0 0.626428964933 0.9 0.0 0.521513637026 0.584322914819 0.573989503706 0.15 1.0
0.0 0.626428964933 0.9 0.0 0.521513637026 0.584322914819 0.573989503706 0.15 1.0
0.0 0.654761904762 0.9 0.0 0.338124853869 0.598766938273 0.552385173914 0.15 1.0
0.0 0.553571429 0.9 0.0 0.338124853869 0.598766938273 0.552385173914 0.15 0.0
0.0 0.735632208554 0.9 0.0 0.53549912076 0.702647829142 0.175580206447 0.85 1.0
0.0 0.553571429 0.9 0.0 0.53549912076 0.702647829142 0.175580206447 0.85 0.0
0.0 0.638777208592 0.9 0.0 0.415880524698 0.349626267042 0.530416882155 0.15 0.0
0.0 0.681901869485 0.9 0.0 0.507897644191 0.301084066505 0.446710456057 0.15 1.0
0.0 0.553571429 0.9 0.0 0.507897644191 0.301084066505 0.446710456057 0.15 0.0
0.0 0.651963805498 0.9 0.0 0.273292641992 0.3502179118 0.614449000065 0.15 1.0
0.0 0.327380952381 0.9 0.0 0.693508989359 0.5 0.588109267137 0.85 0.0
0.0 0.713200824421 0.9 0.0 0.718666625535 0.358355650327 0.641553944998 0.15 1.0
0.0 0.656728225027 0.9 0.0 0.718666625535 0.641644349673 0.641553944998 0.15 1.0
0.0 0.553571429 0.9 0.0 0.718666625535 0.641644349673 0.641553944998 0.15 0.0
0.0 0.575688775065 0.9 0.0 0.757774705016 0.5 0.609821367808 0.85 1.0
0.0 0.553571429 0.9 0.0 0.757774705016 0.5 0.609821367808 0.85 0.0
0.0 0.626498491041 0.9 0.0 0.388555015779 0.668179557738 0.613119434366 0.15 0.0
0.0 0.613119434366 0.9 0.0 0.690559912136 0.379458738869 0.769294137878 0.15 0.0
0.0 0.578803999913 0.9 0.0 0.630985659494 0.536404455205 0.547645620219 0.85 0.0
0.0 0.740613034879 0.9 0.0 0.617805954548 0.684233444118 0.248316050576 0.15 1.0
0.0 0.660918730014 0.9 0.0 0.350845774262 0.666716205124 0.283783912278 0.15 1.0
0.0 0.766717868464 0.9 0.0 0.383037210951 0.658298051832 0.567749847195 0.15 1.0
0.0 0.677237690866 0.9 0.0 0.212813306658 0.362234646547 0.533681910698 0.15 1.0
0.0 0.553571429 0.9 0.0 0.212813306658 0.362234646547 0.533681910698 0.15 0.0
0.0 0.760717507565 0.9 0.0 0.318080591081 0.307103660058 0.821145979243 0.15 1.0
0.0 0.63830953092 0.9 0.0 0.427935677531 0.601035695699 0.383814089536 0.15 1.0
0.0 0.553571429 0.9 0.0 0.427935677531 0.601035695699 0.383814089536 0.15 0.0
0.0 0.795684414871 0.9 0.0 0.509436095437 0.331196565309 0.512353838389 0.15 1.0
0.0 0.67677458981 0.9 0.0 0.5 0.313930815008 0.535714285714 0.15 1.0
0.0 0.553571429 0.9 1.0 0.5 0.313930815008 0.535714285714 0.15 0.0
0.0 0.67677458981 0.9 0.0 0.5 0.313930815008 0.535714285714 0.15 1.0
0.0 0.700673120305 0.9 0.0 0.572678571056 0.726468570105 0.483585021765 0.15 1.0
0.0 0.553571429 0.9 0.0 0.572678571056 0.726468570105 0.483585021765 0.15 0.0
0.0 0.571531191061 0.9 0.0 0.682904010479 0.495687062206 0.656545563349 0.15 1.0
0.0 0.553571429 0.9 0.0 0.682904010479 0.495687062206 0.656545563349 0.15 0.0
0.0 0.565709070117 0.9 0.0 0.40976384068 0.493475170877 0.60619082794 0.85 0.0
0.0 0.631458087111 0.9 0.0 0.678433575939 0.593312269343 0.581464422377 0.15 1.0
0.0 0.631458087111 0.9 0.0 0.678433575939 0.593312269343 0.581464422377 0.15 1.0
0.0 0.575688775065 0.9 0.0 0.585961441184 0.5 0.570041710654 0.85 1.0
0.0 0.553571429 0.9 0.0 0.585961441184 0.5 0.570041710654 0.85 0.0
0.0 0.648070888739 0.9 0.0 0.414957859629 0.593390866631 0.398672669382 0.15 1.0
0.0 0.75435146712 0.9 0.0 0.53549912076 0.349586091166 0.512297721298 0.15 1.0
0.0 0.814395037329 0.9 0.0 0.316222701066 0.335183083265 0.378252347005 0.85 1.0
0.0 0.58637858814 0.9 0.0 0.317022710326 0.52325421026 0.50478916698 0.15 1.0
0.0 0.553571429 0.9 0.0 0.317022710326 0.52325421026 0.50478916698 0.15 0.0
0.0 0.79324093627 0.9 0.0 0.611088355557 0.324312747817 0.559889208219 0.15 1.0
0.0 0.600033506 0.9 0.0 0.534684220785 0.577874462292 0.39781650824 0.15 0.0
0.0 0.692483246992 0.9 0.0 0.333733108825 0.271316205414 0.614449000065 0.15 1.0
0.0 0.692483246992 0.9 0.0 0.333733108825 0.271316205414 0.614449000065 0.15 1.0
0.0 0.822746213796 0.9 0.0 0.273910701819 0.334900764146 0.48707313593 0.15 1.0
0.0 0.628811642992 0.9 0.0 0.468889467221 0.411438628561 0.504817563856 0.15 1.0
0.0 0.553571429 0.9 0.0 0.468889467221 0.411438628561 0.504817563856 0.15 0.0
0.0 0.628811642992 0.9 0.0 0.468889467221 0.411438628561 0.504817563856 0.15 1.0
0.0 0.732475792364 0.9 0.0 0.693707514785 0.667984086604 0.638613554245 0.15 1.0
0.0 0.709531506532 0.9 0.0 0.703499544802 0.662066338434 0.331489035004 0.15 1.0
0.0 0.553571429 0.9 0.0 0.703499544802 0.662066338434 0.331489035004 0.15 0.0
0.0 0.700673120305 0.9 0.0 0.295176789365 0.273531429895 0.638987569409 0.15 1.0
0.0 0.825113336138 0.9 0.0 0.403388002123 0.683097681954 0.465681032869 0.15 1.0
0.0 0.710215399659 0.9 0.0 0.369173702231 0.692677644783 0.464953456496 0.15 1.0
0.0 0.553571429 0.9 0.0 0.369173702231 0.692677644783 0.464953456496 0.15 0.0
0.0 0.671119722301 0.9 0.0 0.509525876584 0.327267435355 0.50640573127 0.15 1.0
0.0 0.658325129396 0.9 0.0 0.431469988542 0.380580034445 0.629084029607 0.85 1.0
0.0 0.553571429 0.9 0.0 0.431469988542 0.380580034445 0.629084029607 0.85 0.0
0.0 0.714817007507 0.9 0.0 0.620401039651 0.347943028004 0.485316939207 0.85 1.0
0.0 0.553571429 0.9 0.0 0.620401039651 0.347943028004 0.485316939207 0.85 0.0
0.0 0.664001612976 0.9 0.0 0.302315874126 0.420708754092 0.760636957746 0.15 1.0
0.0 0.553571429 0.9 0.0 0.302315874126 0.420708754092 0.760636957746 0.15 0.0
0.0 0.647724408614 0.9 0.0 0.307825813202 0.707476761498 0.369265340524 0.15 0.0
0.0 0.704986378721 0.9 0.0 0.211907289154 0.358911421918 0.480490421178 0.15 1.0
0.0 0.617297834205 0.9 0.0 0.480628664111 0.431613283537 0.573503655281 0.15 1.0
0.0 0.553571429 0.9 0.0 0.480628664111 0.431613283537 0.573503655281 0.15 0.0
0.0 0.612998445015 0.9 0.0 0.274552792618 0.544994881156 0.427567661846 0.15 1.0
0.0 0.553571429 0.9 0.0 0.274552792618 0.544994881156 0.427567661846 0.15 0.0
0.0 0.620590533536 0.9 0.0 0.514556860673 0.42591934095 0.495086959998 0.15 1.0
0.0 0.553571429 0.9 0.0 0.514556860673 0.42591934095 0.495086959998 0.15 0.0
0.0 0.696450295157 0.9 0.0 0.675930850136 0.337185932416 0.239925863888 0.15 1.0
0.0 0.553571429 0.9 0.0 0.675930850136 0.337185932416 0.239925863888 0.15 0.0
0.0 0.685757430514 0.9 0.0 0.364800455832 0.708266770627 0.366865038856 0.85 1.0
0.0 0.591483186015 0.9 0.0 0.579668344263 0.567896362428 0.451294850772 0.15 0.0
0.0 0.768835350606 0.9 0.0 0.296660475118 0.327267435355 0.495692430728 0.85 1.0
0.0 0.700673120305 0.9 0.0 0.5 0.726468570105 0.196428571429 0.15 1.0
0.0 0.553571429 0.9 0.0 0.5 0.726468570105 0.196428571429 0.15 0.0
0.0 0.623092793738 0.9 0.0 0.617256622928 0.52613257936 0.408032269221 0.85 1.0
0.0 0.553571429 0.9 0.0 0.617256622928 0.52613257936 0.408032269221 0.85 0.0
0.0 0.693817509097 0.9 0.0 0.371597021759 0.294443139922 0.256754621849 0.15 1.0
0.0 0.553571429 0.9 0.0 0.371597021759 0.294443139922 0.256754621849 0.15 0.0
0.0 0.577889517201 0.9 0.0 0.741482005747 0.452711751365 0.633875633373 0.85 0.0
0.0 0.778262704267 0.9 0.0 0.631749070876 0.314077373384 0.177019764653 0.85 1.0
0.0 0.690076826068 0.9 0.0 0.411799957325 0.278578252624 0.553255298655 0.15 1.0
0.0 0.553571429 0.9 0.0 0.411799957325 0.278578252624 0.553255298655 0.15 0.0
0.0 0.597713963023 0.9 0.0 0.424459314625 0.550198369111 0.641553944998 0.85 1.0
0.0 0.553571429 0.9 0.0 0.424459314625 0.550198369111 0.641553944998 0.85 0.0
0.0 0.672081808401 0.9 0.0 0.690670145738 0.671155188467 0.786125376532 0.15 1.0
0.0 0.553571429 0.9 0.0 0.690670145738 0.671155188467 0.786125376532 0.15 0.0
0.0 0.701647360487 0.9 0.0 0.338492961276 0.652639827942 0.454763139694 0.15 1.0
0.0 0.827511970566 0.9 0.0 0.472036158843 0.325790870511 0.467948896527 0.15 1.0
0.0 0.612841762328 0.9 0.0 0.333056569528 0.439233617107 0.631164935867 0.15 1.0
0.0 0.612841762328 0.9 0.0 0.333056569528 0.439233617107 0.631164935867 0.15 1.0
0.0 0.659099564041 0.9 0.0 0.370436031512 0.720883157945 0.470117832846 0.15 0.0
0.0 0.809600118965 0.9 0.0 0.624028115445 0.342219194523 0.544128831481 0.15 1.0
0.0 0.673424223553 0.9 0.0 0.540710349763 0.582276692719 0.285101076114 0.15 1.0
0.0 0.73116410595 0.9 0.0 0.254784313616 0.696487124592 0.511595836322 0.15 1.0
0.0 0.607289212418 0.9 0.0 0.612327814592 0.444182575393 0.60775247636 0.85 1.0
0.0 0.553571429 0.9 0.0 0.612327814592 0.444182575393 0.60775247636 0.85 0.0
0.0 0.597207498044 0.9 0.0 0.272584553214 0.465315779215 0.597738678514 0.15 1.0
0.0 0.553571429 0.9 0.0 0.272584553214 0.465315779215 0.597738678514 0.15 0.0
0.0 0.615004286165 0.9 0.0 0.435121634927 0.536646705266 0.182709329896 0.15 1.0
0.0 0.553571429 0.9 0.0 0.435121634927 0.536646705266 0.182709329896 0.15 0.0
0.0 0.558400281234 0.9 1.0 0.521150749005 0.264496584955 0.585851016337 0.15 0.0
0.0 0.760636957746 0.9 0.0 0.629462587225 0.695290123309 0.326149094079 0.15 1.0
0.0 0.671723446148 0.9 0.0 0.484856391233 0.389060233919 0.471319354339 0.85 1.0
0.0 0.553571429 0.9 0.0 0.484856391233 0.389060233919 0.471319354339 0.85 0.0
0.0 0.675366696224 0.9 0.0 0.691854780426 0.584050755299 0.790245545425 0.15 1.0
0.0 0.620989189806 0.9 0.0 0.719167977925 0.426506528969 0.252869032186 0.15 1.0
0.0 0.553571429 0.9 0.0 0.719167977925 0.426506528969 0.252869032186 0.15 0.0
0.0 0.791043982582 0.9 0.0 0.410610236963 0.330174404798 0.357477560943 0.15 1.0
0.0 0.714498272211 0.9 0.0 0.39409815674 0.308566232003 0.475058447359 0.15 1.0
0.0 0.739685198629 0.9 0.0 0.643775578926 0.359149421464 0.625571209311 0.15 1.0
0.0 0.338937715754 0.9 0.0 0.700775421867 0.539177902302 0.617630167368 0.85 0.0
0.0 0.665628823941 0.9 0.0 0.394877212772 0.343946526558 0.493787508392 0.85 1.0
0.0 0.553571429 0.9 0.0 0.394877212772 0.343946526558 0.493787508392 0.85 0.0
0.0 0.771922609325 0.9 0.0 0.556358658128 0.676374275265 0.174073148863 0.85 1.0
0.0 0.66216694931 0.9 0.0 0.399265800753 0.345493743636 0.230322156925 0.15 1.0
0.0 0.553571429 0.9 0.0 0.399265800753 0.345493743636 0.230322156925 0.15 0.0
0.0 0.664137343019 0.9 0.0 0.566404086472 0.585304470065 0.516297601091 0.85 1.0
0.0 0.553571429 0.9 0.0 0.566404086472 0.585304470065 0.516297601091 0.85 0.0
0.0 0.713009226429 0.9 0.0 0.42812931153 0.351903591117 0.427146178426 0.15 1.0
0.0 0.728221068575 0.9 0.0 0.348898451473 0.682809589486 0.604136046775 0.15 1.0
0.0 0.70627527523 0.9 0.0 0.531957623821 0.620027856328 0.535091695342 0.15 1.0
0.0 0.645822004641 0.9 0.0 0.531957623821 0.620027856328 0.535091695342 0.15 1.0
0.0 0.767537494331 0.9 0.0 0.591544276324 0.649898792519 0.563013167173 0.15 1.0
0.0 0.593655455803 0.9 0.0 0.288493095295 0.471123114805 0.652583931262 0.15 1.0
0.0 0.553571429 0.9 0.0 0.288493095295 0.471123114805 0.652583931262 0.15 0.0
0.0 0.607142857143 0.9 0.0 0.516653702159 0.5 0.328371916023 0.15 1.0
0.0 0.553571429 0.9 0.0 0.516653702159 0.5 0.328371916023 0.15 0.0
0.0 0.753925413812 0.9 0.0 0.534124545708 0.319203752903 0.187369944672 0.85 1.0
0.0 0.678267288568 0.9 0.0 0.526702615804 0.689727278932 0.551434659063 0.15 1.0
0.0 0.678267288568 0.9 0.0 0.526702615804 0.689727278932 0.551434659063 0.15 1.0
1.0 0.553571429 0.9 0.0 0.526702615804 0.689727278932 0.551434659063 0.15 0.0
0.0 0.659895971923 0.9 0.0 0.276760354323 0.296753029748 0.630219785816 0.15 0.0
0.0 0.69285801564 0.9 0.0 0.481902995524 0.384006877324 0.292743584677 0.85 1.0
0.0 0.553571429 0.9 0.0 0.481902995524 0.384006877324 0.292743584677 0.85 0.0
0.0 0.740489381247 0.9 0.0 0.588601579599 0.659602005951 0.636154483319 0.15 1.0
0.0 0.754878673916 0.9 0.0 0.70735746004 0.334922303119 0.268543347526 0.15 1.0
0.0 0.681365043795 0.9 0.0 0.457821230781 0.314040348791 0.164738034311 0.15 1.0
0.0 0.553571429 0.9 0.0 0.457821230781 0.314040348791 0.164738034311 0.15 0.0
0.0 0.637490399325 0.9 0.0 0.656170920441 0.545523047529 0.746589033399 0.85 1.0
0.0 0.553571429 0.9 0.0 0.656170920441 0.545523047529 0.746589033399 0.85 0.0
0.0 0.654761904762 0.9 0.0 0.345639912788 0.437778934441 0.734823451424 0.15 1.0
0.0 0.650560940937 0.9 0.0 0.400599307093 0.556594412897 0.603940048759 0.15 1.0
0.0 0.553571429 0.9 0.0 0.400599307093 0.556594412897 0.603940048759 0.15 0.0
0.0 0.610379342122 0.9 0.0 0.400599307093 0.443405587103 0.603940048759 0.15 1.0
0.0 0.553571429 0.9 0.0 0.400599307093 0.443405587103 0.603940048759 0.15 0.0
0.0 0.689468911143 0.9 0.0 0.700112597978 0.633304313931 0.752300445149 0.85 1.0
0.0 0.759689944287 0.9 0.0 0.582761388566 0.325108847523 0.504021962097 0.15 1.0
0.0 0.700673120305 0.9 0.0 0.528908827888 0.726468570105 0.552094881645 0.15 1.0
0.0 0.691761561237 0.9 0.0 0.528908827888 0.726468570105 0.552094881645 0.15 1.0
0.0 0.697210261427 0.9 0.0 0.480460898948 0.278963334686 0.567569263766 0.85 1.0
0.0 0.553571429 0.9 0.0 0.480460898948 0.278963334686 0.567569263766 0.85 0.0
0.0 0.680957354632 0.9 0.0 0.581140447963 0.696487124592 0.609408059588 0.15 1.0
0.0 0.680957354632 0.9 0.0 0.581140447963 0.696487124592 0.609408059588 0.15 1.0
0.0 0.653616368199 0.9 0.0 0.526941332503 0.407311996802 0.323995096808 0.15 1.0
0.0 0.718801539902 0.9 0.0 0.496619460133 0.30979736164 0.321468788383 0.15 1.0
0.0 0.808703086628 0.9 0.0 0.350424338271 0.668051407366 0.716345244118 0.15 1.0
0.0 0.832086237066 0.9 0.0 0.515898800476 0.67320488978 0.537038703808 0.15 1.0
0.0 0.650837116266 0.9 0.0 0.539177902302 0.421340990925 0.567930383155 0.85 1.0
0.0 0.553571429 0.9 0.0 0.539177902302 0.421340990925 0.567930383155 0.85 0.0
0.0 0.709937636122 0.9 0.0 0.719167977925 0.346917200121 0.485316939207 0.85 1.0
0.0 0.636998494376 0.9 0.0 0.647592278227 0.594827497345 0.726211435018 0.15 1.0
0.0 0.759911677191 0.9 0.0 0.409685434296 0.362766556115 0.50447671598 0.15 1.0
0.0 0.788295191061 0.9 0.0 0.611526183562 0.666240254125 0.626427202627 0.15 1.0
0.0 0.668250000908 0.9 0.0 0.611526183562 0.666240254125 0.626427202627 0.15 1.0
0.0 0.759911677191 0.9 0.0 0.658033316294 0.362766556115 0.183354423711 0.85 1.0
0.0 0.730726427217 0.9 0.0 0.441072492742 0.672908785685 0.646128579297 0.15 1.0
0.0 0.644493554275 0.9 0.0 0.295445505886 0.382517756952 0.664227816647 0.15 1.0
0.0 0.553571429 0.9 0.0 0.295445505886 0.382517756952 0.664227816647 0.15 0.0
0.0 0.651205196003 0.9 0.0 0.309613499466 0.266467096288 0.571428571429 0.15 0.0
0.0 0.782674247308 0.9 0.0 0.676515643781 0.669577169885 0.303193996452 0.15 1.0
0.0 0.764835857436 0.9 0.0 0.68927253359 0.303512875408 0.756782081522 0.15 1.0
0.0 0.651205196003 0.9 0.0 0.311000913253 0.57254489988 0.584165165218 0.15 1.0
0.0 0.679658995571 0.9 0.0 0.565196249498 0.620162322952 0.34298138977 0.15 1.0
0.0 0.553571429 0.9 0.0 0.565196249498 0.620162322952 0.34298138977 0.15 0.0
0.0 0.623092793738 0.9 0.0 0.430024964133 0.47386742064 0.463100107098 0.85 1.0
0.0 0.553571429 0.9 0.0 0.430024964133 0.47386742064 0.463100107098 0.85 0.0
0.0 0.573810546555 0.9 0.0 0.325530135663 0.538842696817 0.455596113626 0.15 0.0
0.0 0.68507476703 0.9 0.0 0.299583745455 0.348273510212 0.684964605733 0.85 1.0
0.0 0.553571429 0.9 0.0 0.299583745455 0.348273510212 0.684964605733 0.85 0.0
0.0 0.716345244118 0.9 0.0 0.69280834305 0.350424338271 0.453434049455 0.15 1.0
0.0 0.727216848334 0.9 0.0 0.512928573936 0.297290895466 0.226651990375 0.85 1.0
0.0 0.637466982532 0.9 0.0 0.262934753528 0.563674675698 0.584668827211 0.15 1.0
0.0 0.553571429 0.9 0.0 0.262934753528 0.563674675698 0.584668827211 0.15 0.0
0.0 0.664137343019 0.9 0.0 0.27712206897 0.414695529935 0.600476820774 0.15 1.0
0.0 0.553571429 0.9 0.0 0.27712206897 0.414695529935 0.600476820774 0.15 0.0
0.0 0.600441636693 0.9 0.0 0.530856031161 0.4599937061 0.606703614233 0.15 1.0
0.0 0.553571429 0.9 0.0 0.530856031161 0.4599937061 0.606703614233 0.15 0.0
0.0 0.676992929892 0.9 0.0 0.368616979357 0.312774389452 0.617052795883 0.85 1.0
0.0 0.553571429 0.9 0.0 0.368616979357 0.312774389452 0.617052795883 0.85 0.0
0.0 0.687768121849 0.9 0.0 0.433390346461 0.285239939051 0.559628229226 0.15 1.0
0.0 0.655814302673 0.9 0.0 0.334827299892 0.622009921916 0.521518182791 0.15 1.0
0.0 0.700673120305 0.9 0.0 0.707126458095 0.726468570105 0.67295463707 0.15 1.0
0.0 0.691761561237 0.9 0.0 0.707126458095 0.726468570105 0.67295463707 0.15 1.0
0.0 0.664725234923 0.9 0.0 0.385902107561 0.591312141417 0.583736768721 0.15 1.0
0.0 0.630574356735 0.9 0.0 0.26894204418 0.589290506872 0.522623464955 0.15 1.0
0.0 0.553571429 0.9 0.0 0.26894204418 0.589290506872 0.522623464955 0.15 0.0
0.0 0.721166322232 0.9 0.0 0.517483742833 0.631855968111 0.477647027429 0.15 1.0
0.0 0.73929314441 0.9 0.0 0.72253034504 0.662028948631 0.448024064944 0.15 1.0
0.0 0.633546157362 0.9 0.0 0.511718383647 0.462262234948 0.262323059039 0.15 1.0
0.0 0.553571429 0.9 0.0 0.511718383647 0.462262234948 0.262323059039 0.15 0.0
0.0 0.782300891975 0.9 0.0 0.426689211289 0.687139134514 0.602173669734 0.85 1.0
0.0 0.575688775065 0.9 0.0 0.426689211289 0.5 0.602173669734 0.85 1.0
0.0 0.553571429 0.9 0.0 0.426689211289 0.5 0.602173669734 0.85 0.0
0.0 0.597713963023 0.9 0.0 0.697810790425 0.479200127591 0.676458644548 0.15 1.0
0.0 0.553571429 0.9 0.0 0.697810790425 0.479200127591 0.676458644548 0.15 0.0
0.0 0.59335068097 0.9 0.0 0.643956963833 0.542003392327 0.405978025505 0.15 1.0
0.0 0.553571429 0.9 0.0 0.643956963833 0.542003392327 0.405978025505 0.15 0.0
0.0 0.756458389484 0.9 0.0 0.624616436122 0.305918331826 0.267169718988 0.85 1.0
0.0 0.719815834337 0.9 0.0 0.195335183592 0.682672404707 0.483585021765 0.15 1.0
0.0 0.553571429 0.9 0.0 0.195335183592 0.682672404707 0.483585021765 0.15 0.0
0.0 0.689984363446 0.9 0.0 0.355196741108 0.278850477954 0.599121388468 0.15 1.0
0.0 0.584694000848 0.9 0.0 0.536462563406 0.463902375173 0.536714603843 0.15 0.0
0.0 0.700673120305 0.9 0.0 0.316222701066 0.273531429895 0.626902330031 0.15 1.0
0.0 0.583736768721 0.9 0.0 0.725383775543 0.508477268409 0.647886118818 0.85 1.0
0.0 0.553571429 0.9 0.0 0.725383775543 0.508477268409 0.647886118818 0.85 0.0
0.0 0.749469831761 0.9 0.0 0.473297384196 0.681930263918 0.216193520008 0.15 1.0
0.0 0.626355907395 0.9 0.0 0.306014543792 0.579230501663 0.722788256716 0.15 1.0
0.0 0.553571429 0.9 0.0 0.306014543792 0.579230501663 0.722788256716 0.15 0.0
0.0 0.650929152696 0.9 0.0 0.507214591001 0.584775310668 0.500257501389 0.85 1.0
0.0 0.553571429 0.9 0.0 0.507214591001 0.584775310668 0.500257501389 0.85 0.0
0.0 0.712071889319 0.9 0.0 0.34750124586 0.666005171337 0.723103854447 0.15 1.0
0.0 0.750611330968 0.9 0.0 0.254673264495 0.32290502454 0.640365158327 0.15 1.0
0.0 0.644529414801 0.9 0.0 0.347762873083 0.364800455832 0.766017587308 0.15 1.0
0.0 0.752381765547 0.9 0.0 0.705748638635 0.661329772987 0.676992929892 0.15 1.0
0.0 0.578296102015 0.9 0.0 0.413405374027 0.487181732573 0.26694030564 0.85 1.0
0.0 0.553571429 0.9 0.0 0.413405374027 0.487181732573 0.26694030564 0.85 0.0
0.0 0.640854883948 0.9 0.0 0.370392114163 0.399929929176 0.566097026951 0.15 1.0
0.0 0.727216848334 0.9 0.0 0.624028115445 0.365102235152 0.544128831481 0.15 1.0
0.0 0.776464307158 0.9 0.0 0.3216754566 0.675296658937 0.809371171826 0.15 1.0
1.0 0.567027228287 0.9 0.0 0.589290506872 0.698021922374 0.630574356735 0.15 0.0
0.0 0.772638120465 0.9 0.0 0.699614151446 0.325979903855 0.554440020711 0.15 1.0
0.0 0.598924021509 0.9 0.0 0.660988003832 0.447769131481 0.416666666667 0.15 1.0
0.0 0.553571429 0.9 0.0 0.660988003832 0.447769131481 0.416666666667 0.15 0.0
0.0 0.724260035639 0.9 0.0 0.353452288468 0.28852033859 0.623856263792 0.15 1.0
0.0 0.820693654991 0.9 0.0 0.682755043498 0.315843360679 0.648140165987 0.15 1.0
0.0 0.719393360774 0.9 0.0 0.213757359449 0.292206124918 0.384412629852 0.85 1.0
0.0 0.756579788021 0.9 0.0 0.316367702119 0.308323343558 0.618495377124 0.15 1.0
0.0 0.602394703625 0.9 0.0 0.507214591001 0.613223768893 0.500257501389 0.85 0.0
0.0 0.607289212418 0.9 0.0 0.722412142745 0.444182575393 0.409911108644 0.85 1.0
0.0 0.553571429 0.9 0.0 0.722412142745 0.444182575393 0.409911108644 0.85 0.0
0.0 0.650560940937 0.9 0.0 0.374456217834 0.443405587103 0.648163257012 0.85 1.0
0.0 0.553571429 0.9 0.0 0.374456217834 0.443405587103 0.648163257012 0.85 0.0
0.0 0.700673120305 0.9 0.0 0.316823240446 0.273531429895 0.593276075175 0.15 1.0
0.0 0.589760745076 0.9 0.0 0.686584372026 0.466283570043 0.73183061206 0.15 1.0
0.0 0.553571429 0.9 0.0 0.686584372026 0.466283570043 0.73183061206 0.15 0.0
0.0 0.674995267615 0.9 0.0 0.384894019623 0.31821212376 0.631637064645 0.15 1.0
0.0 0.619263601272 0.9 0.0 0.292318479031 0.467638601759 0.727802788194 0.15 1.0
0.0 0.553571429 0.9 0.0 0.292318479031 0.467638601759 0.727802788194 0.15 0.0
0.0 0.684964605733 0.9 0.0 0.513757226854 0.354951125255 0.530744123275 0.15 1.0
0.0 0.645503217627 0.9 0.0 0.559602924561 0.606409218119 0.309730439606 0.15 1.0
0.0 0.684871879731 0.9 0.0 0.505053356594 0.706762514248 0.470358333092 0.15 1.0
0.0 0.800012336458 0.9 0.0 0.728772180089 0.65969177099 0.436950645603 0.15 1.0
0.0 0.673960553326 0.9 0.0 0.711910466947 0.665870683027 0.222527779414 0.15 1.0
0.0 0.648509539039 0.9 0.0 0.270351772346 0.396158605004 0.645271472346 0.85 1.0
0.0 0.553571429 0.9 0.0 0.270351772346 0.396158605004 0.645271472346 0.85 0.0
0.0 0.625785299866 0.9 0.0 0.7827093278 0.453753359284 0.578575491618 0.15 1.0
0.0 0.553571429 0.9 0.0 0.7827093278 0.453753359284 0.578575491618 0.15 0.0
0.0 0.806179110535 0.9 0.0 0.287290509334 0.325163359044 0.530498707891 0.15 1.0
0.0 0.575688775065 0.9 0.0 0.278299971118 0.5 0.633969742898 0.85 1.0
0.0 0.553571429 0.9 0.0 0.278299971118 0.5 0.633969742898 0.85 0.0
0.0 0.583862794794 0.9 0.0 0.621029526287 0.465998916288 0.277668635785 0.15 0.0
0.0 0.716832841978 0.9 0.0 0.432343594506 0.655999416576 0.504817563856 0.85 1.0
0.0 0.631542662647 0.9 0.0 0.23572869915 0.509922380306 0.352732552867 0.15 1.0
0.0 0.553571429 0.9 0.0 0.23572869915 0.509922380306 0.352732552867 0.15 0.0
0.0 0.667860744895 0.9 0.0 0.330921949418 0.339768953547 0.727823707119 0.15 1.0
0.0 0.640365158327 0.9 0.0 0.447189687985 0.254673264495 0.477528258589 0.85 0.0
0.0 0.74456060289 0.9 0.0 0.329010321038 0.347635309614 0.62559500019 0.15 1.0
0.0 0.661872558991 0.9 0.0 0.329010321038 0.347635309614 0.62559500019 0.15 1.0
0.0 0.661872558991 0.9 0.0 0.329010321038 0.347635309614 0.62559500019 0.15 1.0
0.0 0.699052954692 0.9 0.0 0.412746152424 0.288057813112 0.438319043368 0.15 1.0
0.0 0.724869020665 0.9 0.0 0.76190263361 0.380850260282 0.499656498104 0.85 1.0
0.0 0.736626552575 0.9 0.0 0.384006877324 0.68294407911 0.652928230327 0.15 1.0
