0.0 0.361438954062 0.9 0.0 0.707681520969 0.709642101341 0.727802788194 0.85 1.0
0.0 0.327380952381 0.9 0.0 0.707681520969 0.5 0.727802788194 0.85 0.0
1.0 0.327380952381 0.9 1.0 0.707681520969 0.5 0.727802788194 0.85 0.0
0.0 0.777472644397 0.9 0.0 0.323222666798 0.30233835269 0.201829332665 0.85 0.0
0.0 0.553571429 0.9 0.0 0.323222666798 0.30233835269 0.201829332665 0.85 1.0
0.0 0.327380952381 0.9 0.0 0.323222666798 0.5 0.201829332665 0.85 0.0
0.0 0.575688775065 0.9 0.0 0.323222666798 0.5 0.201829332665 0.85 0.0
0.0 0.553571429 0.9 0.0 0.323222666798 0.5 0.201829332665 0.85 1.0
1.0 0.327380952381 0.9 1.0 0.323222666798 0.5 0.201829332665 0.85 0.0
0.0 0.553571429 0.9 0.0 0.323222666798 0.5 0.201829332665 0.85 1.0
0.0 0.553571429 0.9 0.0 0.323222666798 0.5 0.201829332665 0.85 1.0
1.0 0.158639455988 0.9 1.0 0.323222666798 0.5 0.201829332665 0.85 0.0
0.0 0.553571429 0.9 0.0 0.323222666798 0.5 0.201829332665 0.85 1.0
0.0 0.553571429 0.9 0.0 0.256924543336 0.417723307281 0.472009123205 0.15 0.0
0.0 0.553571429 0.9 0.0 0.256924543336 0.600070070824 0.472009123205 0.15 0.0
0.0 0.553571429 0.9 1.0 0.256924543336 0.399929929176 0.472009123205 0.15 0.0
0.0 0.559236572457 0.9 0.0 0.381742910376 0.70735746004 0.469275307765 0.85 1.0
0.0 0.548574994896 0.9 0.0 0.647580179026 0.796952607318 0.747673009832 0.15 0.0
0.0 0.553571429 0.9 1.0 0.647580179026 0.399929929176 0.747673009832 0.15 0.0
0.0 0.518968767338 0.9 0.0 0.538706319115 0.634799264226 0.537605493834 0.85 1.0
0.0 0.327380952381 0.9 0.0 0.538706319115 0.5 0.537605493834 0.85 0.0
0.0 0.450206676953 0.9 0.0 0.336749491651 0.200761686439 0.802418634642 0.85 1.0
0.0 0.710129943866 0.9 0.0 0.493899375943 0.302242961559 0.613312975753 0.15 0.0
1.0 0.553571429 0.9 0.0 0.755621787621 0.613540503439 0.474073616834 0.15 0.0
0.0 0.631330214729 0.9 0.0 0.557422046488 0.710527151341 0.535010444211 0.85 1.0
0.0 0.510048932886 0.9 0.0 0.702215325885 0.803495782033 0.432471875471 0.85 1.0
0.0 0.575688775065 0.9 0.0 0.702215325885 0.5 0.432471875471 0.85 0.0
0.0 0.553571429 0.9 0.0 0.702215325885 0.5 0.432471875471 0.85 1.0
0.0 0.39853577877 0.9 0.0 0.642565827975 0.760241835854 0.609116171366 0.85 1.0
0.0 0.553571429 0.9 0.0 0.642565827975 0.5 0.609116171366 0.85 1.0
0.0 0.487890955362 0.9 0.0 0.373463568065 0.382909624811 0.323234714006 0.85 1.0
0.0 0.259291632906 0.9 0.0 0.323018191832 0.6054286247 0.42134203209 0.85 1.0
0.0 0.538010044512 0.9 0.0 0.495611412019 0.646475075931 0.220290305089 0.85 1.0
0.0 0.553571429 0.9 1.0 0.49324015434 0.273531429895 0.541907935357 0.15 0.0
0.0 0.323835124708 0.9 0.0 0.407514167594 0.734676197351 0.391644466162 0.85 1.0
0.0 0.505924035638 0.9 0.0 0.234820955758 0.283272678077 0.501885863721 0.85 1.0
0.0 0.510133407504 0.9 0.0 0.58469823092 0.397773800139 0.329004982537 0.85 1.0
0.0 0.633240086144 0.9 0.0 0.406609133369 0.566088817698 0.648070888739 0.85 0.0
0.0 0.553571429 0.9 0.0 0.406609133369 0.566088817698 0.648070888739 0.85 1.0
0.0 0.41996340108 0.9 0.0 0.693398699061 0.295697444548 0.562857309125 0.85 1.0
0.0 0.301259605807 0.9 0.0 0.286859173249 0.553552669413 0.32387512315 0.85 1.0
0.0 0.495086959998 0.9 0.0 0.683526685266 0.746543106025 0.449926524445 0.85 1.0
0.0 0.497620196726 0.9 0.0 0.496426311994 0.339494959231 0.297661562457 0.85 1.0
0.0 0.395067211469 0.9 0.0 0.627356899648 0.684193332658 0.174073148863 0.85 1.0
0.0 0.553571429 0.9 0.0 0.283629391491 0.46255727102 0.358072010175 0.85 1.0
0.0 0.489988876997 0.9 0.0 0.335616161616 0.595193250267 0.40719133584 0.85 1.0
0.0 0.667252667478 0.9 0.0 0.258958443053 0.628702948334 0.308613451112 0.15 0.0
0.0 0.553571429 0.9 0.0 0.246773433439 0.4344241223 0.442498876908 0.85 1.0
0.0 0.481435227107 0.9 0.0 0.610372154629 0.578141326661 0.354905458033 0.85 1.0
0.0 0.482849655243 0.9 0.0 0.34659074292 0.301763427162 0.470508595924 0.85 1.0
0.0 0.623856263792 0.9 0.0 0.303512875408 0.663794338424 0.756417919564 0.85 1.0
0.0 0.472638209903 0.9 0.0 0.402937014912 0.73399968419 0.620438397832 0.85 1.0
0.0 0.575688775065 0.9 0.0 0.402937014912 0.5 0.620438397832 0.85 0.0
0.0 0.553571429 0.9 0.0 0.402937014912 0.5 0.620438397832 0.85 1.0
0.0 0.526037804816 0.9 0.0 0.686069184992 0.711186372943 0.285363994082 0.85 1.0
0.0 0.52713535631 0.9 0.0 0.248495782661 0.757379483896 0.614134956674 0.85 1.0
1.0 0.553571429 0.9 0.0 0.521513637026 0.584322914819 0.573989503706 0.15 0.0
0.0 0.427308325913 0.9 0.0 0.486845023251 0.210824872211 0.560463009182 0.85 1.0
0.0 0.279095035909 0.9 0.0 0.579230501663 0.24479110427 0.626355907395 0.85 1.0
0.0 0.38226160792 0.9 0.0 0.609524516904 0.237640112748 0.189845970127 0.85 1.0
0.0 0.521849967586 0.9 0.0 0.346541173835 0.472059720264 0.79088824498 0.85 1.0
0.0 0.345848194994 0.9 0.0 0.388301308299 0.558179974093 0.501286438057 0.85 1.0
0.0 0.516855019359 0.9 0.0 0.711942186888 0.738075449535 0.699052954692 0.85 1.0
0.0 0.411883407642 0.9 0.0 0.699735970221 0.585816075031 0.205070318811 0.85 1.0
0.0 0.269000143167 0.9 0.0 0.445057997349 0.64178158234 0.564025377652 0.85 1.0
0.0 0.50810287626 0.9 0.0 0.683668857164 0.305191878233 0.209683363607 0.85 1.0
0.0 0.735632208554 0.9 0.0 0.53549912076 0.702647829142 0.175580206447 0.85 0.0
0.0 0.553571429 0.9 0.0 0.53549912076 0.702647829142 0.175580206447 0.85 1.0
0.0 0.619167616974 0.9 0.0 0.526702615804 0.752585093154 0.551434659063 0.85 1.0
0.0 0.51721707936 0.9 0.0 0.604629345704 0.77384101723 0.291321456027 0.85 1.0
0.0 0.327420633157 0.9 0.0 0.693508989359 0.496664528621 0.588109267137 0.85 0.0
0.0 0.327380952381 0.9 0.0 0.693508989359 0.5 0.588109267137 0.85 0.0
0.0 0.660168838672 0.9 0.0 0.392667491377 0.70594869871 0.496239724183 0.85 1.0
0.0 0.33653316948 0.9 0.0 0.757774705016 0.42364074846 0.609821367808 0.85 1.0
0.0 0.553571429 0.9 0.0 0.757774705016 0.5 0.609821367808 0.85 1.0
0.0 0.556960488486 0.9 0.0 0.528467935535 0.325347592699 0.300331308424 0.85 1.0
0.0 0.675032126144 0.9 0.0 0.503291588697 0.270264145318 0.33337249204 0.85 1.0
0.0 0.379390986082 0.9 0.0 0.672892115119 0.282362126403 0.506660596477 0.85 1.0
0.0 0.626498491041 0.9 0.0 0.388555015779 0.668179557738 0.613119434366 0.15 1.0
0.0 0.520106175978 0.9 0.0 0.719728279736 0.360005352821 0.561531074622 0.85 1.0
0.0 0.613119434366 0.9 0.0 0.690559912136 0.379458738869 0.769294137878 0.15 0.0
0.0 0.49670022558 0.9 0.0 0.338258458757 0.763996684958 0.276192269072 0.85 1.0
0.0 0.578803999913 0.9 0.0 0.630985659494 0.536404455205 0.547645620219 0.85 1.0
0.0 0.766717868464 0.9 0.0 0.383037210951 0.658298051832 0.567749847195 0.15 0.0
0.0 0.553571429 0.9 0.0 0.383037210951 0.658298051832 0.567749847195 0.15 1.0
0.0 0.451201660095 0.9 0.0 0.658706834438 0.659421165172 0.27263533039 0.85 1.0
0.0 0.417492749325 0.9 0.0 0.576181064122 0.674872352208 0.317712769711 0.85 1.0
0.0 0.551249680207 0.9 0.0 0.727825711252 0.289367111059 0.453650623174 0.85 1.0
0.0 0.485404870228 0.9 0.0 0.397311629655 0.247295719062 0.582045833695 0.85 1.0
0.0 0.564621619779 0.9 0.0 0.600979188733 0.530570198464 0.50231367087 0.85 1.0
0.0 0.349076017644 0.9 0.0 0.651043096383 0.712243072792 0.51002077216 0.85 1.0
0.0 0.553571429 0.9 1.0 0.5 0.313930815008 0.535714285714 0.15 0.0
0.0 0.496815297127 0.9 0.0 0.424410765203 0.588906508437 0.36103321551 0.85 1.0
0.0 0.3107208811 0.9 0.0 0.405943901797 0.266627756767 0.610477317232 0.85 1.0
0.0 0.277623978132 0.9 0.0 0.576523300813 0.387364731738 0.473954132297 0.85 1.0
0.0 0.565709070117 0.9 0.0 0.40976384068 0.493475170877 0.60619082794 0.85 1.0
0.0 0.342060247782 0.9 0.0 0.585961441184 0.278351027276 0.570041710654 0.85 1.0
0.0 0.575688775065 0.9 0.0 0.585961441184 0.5 0.570041710654 0.85 0.0
0.0 0.553571429 0.9 0.0 0.585961441184 0.5 0.570041710654 0.85 1.0
0.0 0.536687588282 0.9 0.0 0.732965399558 0.513632409713 0.489290373666 0.85 1.0
0.0 0.539114547627 0.9 0.0 0.521699779236 0.211884825728 0.155795151919 0.85 1.0
0.0 0.383355901095 0.9 0.0 0.612744277047 0.44015019212 0.495922929442 0.85 1.0
0.0 0.553571429 0.9 0.0 0.316222701066 0.335183083265 0.378252347005 0.85 1.0
0.0 0.525405866306 0.9 0.0 0.69522997348 0.59218957601 0.718547774376 0.85 1.0
0.0 0.615510919917 0.9 0.0 0.268767292059 0.729553500215 0.671432157192 0.85 1.0
0.0 0.484260767327 0.9 0.0 0.335013088833 0.634776236319 0.551276108883 0.85 1.0
0.0 0.524277827663 0.9 0.0 0.726616583274 0.402657531327 0.546581888804 0.85 1.0
0.0 0.336610933548 0.9 0.0 0.337588539683 0.413304578232 0.717870690129 0.85 1.0
0.0 0.518552135275 0.9 0.0 0.457182867336 0.511681930904 0.370243888275 0.85 1.0
0.0 0.222942438624 0.9 0.0 0.277275268692 0.637439859001 0.363425812599 0.85 1.0
0.0 0.553571429 0.9 0.0 0.403388002123 0.683097681954 0.465681032869 0.15 0.0
0.0 0.493006513175 0.9 0.0 0.670400955615 0.284570351685 0.608848504338 0.85 1.0
0.0 0.658325129396 0.9 0.0 0.431469988542 0.380580034445 0.629084029607 0.85 0.0
0.0 0.553571429 0.9 0.0 0.431469988542 0.380580034445 0.629084029607 0.85 1.0
0.0 0.39216453699 0.9 0.0 0.394628847198 0.771769897504 0.696254760761 0.85 1.0
0.0 0.714817007507 0.9 0.0 0.620401039651 0.347943028004 0.485316939207 0.85 0.0
0.0 0.553571429 0.9 0.0 0.620401039651 0.347943028004 0.485316939207 0.85 1.0
0.0 0.441678040528 0.9 0.0 0.282713003 0.4599937061 0.590510146199 0.85 1.0
0.0 0.467193916774 0.9 0.0 0.380458531212 0.211655096521 0.256330119653 0.85 1.0
0.0 0.538656808016 0.9 0.0 0.56755370633 0.199696311695 0.572684612908 0.85 1.0
0.0 0.323394903194 0.9 0.0 0.432530641332 0.253195921137 0.640551757698 0.85 1.0
0.0 0.290586917478 0.9 0.0 0.776981126507 0.655171024978 0.42665944689 0.85 1.0
0.0 0.685757430514 0.9 0.0 0.364800455832 0.708266770627 0.366865038856 0.85 0.0
0.0 0.553571429 0.9 0.0 0.364800455832 0.708266770627 0.366865038856 0.85 1.0
0.0 0.41877890467 0.9 0.0 0.76062395741 0.522179500944 0.329123582954 0.85 1.0
0.0 0.327380952381 0.9 0.0 0.76062395741 0.5 0.329123582954 0.85 0.0
0.0 0.525240910845 0.9 0.0 0.407392447602 0.772846376132 0.308737704972 0.85 1.0
0.0 0.553571429 0.9 0.0 0.296660475118 0.327267435355 0.495692430728 0.85 1.0
1.0 0.472009123205 0.9 0.0 0.5 0.772473953367 0.196428571429 0.15 0.0
0.0 0.623092793738 0.9 0.0 0.617256622928 0.52613257936 0.408032269221 0.85 0.0
0.0 0.553571429 0.9 0.0 0.617256622928 0.52613257936 0.408032269221 0.85 1.0
0.0 0.351529413716 0.9 0.0 0.281168731397 0.490504239604 0.447211237811 0.85 1.0
0.0 0.327380952381 0.9 0.0 0.281168731397 0.5 0.447211237811 0.85 0.0
0.0 0.546821376532 0.9 0.0 0.785282648421 0.683830835243 0.522844293004 0.85 1.0
0.0 0.577889517201 0.9 0.0 0.741482005747 0.452711751365 0.633875633373 0.85 1.0
0.0 0.778262704267 0.9 0.0 0.631749070876 0.314077373384 0.177019764653 0.85 0.0
0.0 0.553571429 0.9 0.0 0.631749070876 0.314077373384 0.177019764653 0.85 1.0
0.0 0.461027098557 0.9 0.0 0.231389812584 0.276230106923 0.51752327698 0.85 1.0
0.0 0.690076826068 0.9 0.0 0.411799957325 0.278578252624 0.553255298655 0.15 0.0
0.0 0.403576852125 0.9 0.0 0.455445567645 0.662127746183 0.485756466471 0.85 1.0
0.0 0.451015233039 0.9 0.0 0.393268391368 0.76763313643 0.456335522552 0.85 1.0
0.0 0.553571429 0.9 0.0 0.424459314625 0.550198369111 0.641553944998 0.85 1.0
0.0 0.506660596477 0.9 0.0 0.384006877324 0.621315195791 0.42665944689 0.85 1.0
0.0 0.659532000831 0.9 0.0 0.523313139713 0.266866170142 0.520632582019 0.85 1.0
0.0 0.209359862479 0.9 0.0 0.432975462634 0.702900467457 0.195753995766 0.85 1.0
0.0 0.260833687753 0.9 0.0 0.669545792088 0.261741083809 0.194230889689 0.85 1.0
0.0 0.73116410595 0.9 0.0 0.254784313616 0.696487124592 0.511595836322 0.15 0.0
0.0 0.476309511907 0.9 0.0 0.461810927241 0.449635456767 0.194117772333 0.85 1.0
0.0 0.367520840897 0.9 0.0 0.250240986099 0.564999105979 0.518274229254 0.85 1.0
0.0 0.553571429 0.9 0.0 0.612327814592 0.444182575393 0.60775247636 0.85 1.0
0.0 0.551857276362 0.9 0.0 0.305850893106 0.380036176221 0.781711068477 0.85 1.0
0.0 0.553571429 0.9 0.0 0.484856391233 0.389060233919 0.471319354339 0.85 1.0
0.0 0.576362706977 0.9 0.0 0.374895213623 0.65541995542 0.53889918042 0.85 1.0
0.0 0.462034041041 0.9 0.0 0.693611674472 0.703736549229 0.613361353108 0.85 1.0
0.0 0.620989189806 0.9 0.0 0.719167977925 0.426506528969 0.252869032186 0.15 0.0
0.0 0.338937715754 0.9 0.0 0.700775421867 0.539177902302 0.617630167368 0.85 1.0
0.0 0.337271393066 0.9 0.0 0.741308634204 0.759453707841 0.424186638018 0.85 1.0
0.0 0.219401642282 0.9 0.0 0.415117410103 0.350455688543 0.417492749325 0.85 1.0
0.0 0.553571429 0.9 0.0 0.394877212772 0.343946526558 0.493787508392 0.85 1.0
0.0 0.346685777191 0.9 0.0 0.679833422432 0.276328536496 0.32387512315 0.85 1.0
0.0 0.553571429 0.9 0.0 0.556358658128 0.676374275265 0.174073148863 0.85 1.0
0.0 0.507876855712 0.9 0.0 0.335502754925 0.447355586619 0.475058447359 0.85 1.0
0.0 0.479159263162 0.9 0.0 0.271542637501 0.475065377216 0.640551757698 0.85 1.0
0.0 0.550826679581 0.9 0.0 0.37567079128 0.437094930194 0.280472004632 0.85 1.0
0.0 0.506858753222 0.9 0.0 0.642089679693 0.247530009289 0.622352432396 0.85 1.0
0.0 0.603915545271 0.9 0.0 0.270917011278 0.575282772913 0.496470017947 0.85 1.0
0.0 0.535849553127 0.9 0.0 0.701328620296 0.219968107931 0.533464750406 0.85 1.0
0.0 0.664137343019 0.9 0.0 0.566404086472 0.585304470065 0.516297601091 0.85 0.0
0.0 0.553571429 0.9 0.0 0.566404086472 0.585304470065 0.516297601091 0.85 1.0
0.0 0.553571429 0.9 0.0 0.348898451473 0.682809589486 0.604136046775 0.15 0.0
0.0 0.330898837832 0.9 0.0 0.303512875408 0.227459386582 0.293431336645 0.85 1.0
0.0 0.400994296671 0.9 0.0 0.465941411364 0.645515262976 0.319534214757 0.85 1.0
0.0 0.546980987176 0.9 0.0 0.283803084018 0.766979451378 0.522706284378 0.85 1.0
0.0 0.444011123352 0.9 0.0 0.294251361365 0.441278228861 0.676992929892 0.85 1.0
0.0 0.387779356129 0.9 0.0 0.484921507103 0.485300751649 0.572684612908 0.85 1.0
0.0 0.562857309125 0.9 0.0 0.731986245352 0.300424449877 0.654761904762 0.85 1.0
0.0 0.454670512382 0.9 1.0 0.437715710997 0.205593028177 0.60567767882 0.15 0.0
0.0 0.401641136396 0.9 0.0 0.674872352208 0.453981913191 0.417492749325 0.85 1.0
0.0 0.475147896467 0.9 0.0 0.689341206434 0.315922730974 0.617822523996 0.85 1.0
0.0 0.48226071452 0.9 0.0 0.3227192969 0.504953316541 0.759004234028 0.85 1.0
0.0 0.489377730437 0.9 0.0 0.347871179879 0.759453707841 0.620701871246 0.85 1.0
0.0 0.753925413812 0.9 0.0 0.534124545708 0.319203752903 0.187369944672 0.85 0.0
0.0 0.553571429 0.9 0.0 0.534124545708 0.319203752903 0.187369944672 0.85 1.0
0.0 0.395067211469 0.9 0.0 0.487805998718 0.291219083475 0.36962799409 0.85 1.0
0.0 0.596922616845 0.9 0.0 0.54995595138 0.294686826855 0.391089139549 0.85 1.0
0.0 0.553571429 0.9 0.0 0.481902995524 0.384006877324 0.292743584677 0.85 1.0
0.0 0.586880670913 0.9 0.0 0.677949172256 0.232454968929 0.847458495933 0.85 1.0
0.0 0.20588914438 0.9 0.0 0.664529500771 0.62419265023 0.806045071044 0.85 1.0
0.0 0.628989305417 0.9 0.0 0.556556698994 0.347374610517 0.491731640468 0.85 1.0
0.0 0.417492749325 0.9 0.0 0.308760535921 0.352896344545 0.482967374249 0.85 1.0
0.0 0.553571429 0.9 0.0 0.656170920441 0.545523047529 0.746589033399 0.85 1.0
0.0 0.552411557898 0.9 0.0 0.364800455832 0.605079705572 0.609821367808 0.85 1.0
0.0 0.689468911143 0.9 0.0 0.700112597978 0.633304313931 0.752300445149 0.85 0.0
0.0 0.553571429 0.9 0.0 0.700112597978 0.633304313931 0.752300445149 0.85 1.0
0.0 0.598455057395 0.9 0.0 0.349225274225 0.560784210526 0.668513342132 0.85 1.0
0.0 0.437555701312 0.9 0.0 0.528126477362 0.288369266642 0.252344702138 0.85 1.0
0.0 0.453155477082 0.9 0.0 0.666061063913 0.513018194271 0.644204537762 0.85 1.0
0.0 0.558635592451 0.9 0.0 0.694517282017 0.331539740919 0.415508006265 0.85 1.0
0.0 0.631164935867 0.9 0.0 0.636087736331 0.273969181289 0.743554867551 0.85 1.0
0.0 0.697210261427 0.9 0.0 0.480460898948 0.278963334686 0.567569263766 0.85 0.0
0.0 0.553571429 0.9 0.0 0.480460898948 0.278963334686 0.567569263766 0.85 1.0
0.0 0.571274613378 0.9 0.0 0.590152619082 0.467551644802 0.319857235853 0.85 1.0
0.0 0.513279051385 0.9 0.0 0.726365277305 0.251516705679 0.304868900352 0.85 1.0
0.0 0.594543312888 0.9 0.0 0.594639766265 0.62159312398 0.380562489708 0.85 1.0
0.0 0.553571429 0.9 0.0 0.539177902302 0.421340990925 0.567930383155 0.85 1.0
0.0 0.574500555411 0.9 0.0 0.274552792618 0.327843211501 0.427567661846 0.85 1.0
0.0 0.709937636122 0.9 0.0 0.719167977925 0.346917200121 0.485316939207 0.85 0.0
0.0 0.553571429 0.9 0.0 0.719167977925 0.346917200121 0.485316939207 0.85 1.0
0.0 0.449054055366 0.9 0.0 0.255205421904 0.346352556533 0.64862493167 0.85 1.0
0.0 0.553571429 0.9 0.0 0.658033316294 0.362766556115 0.183354423711 0.85 1.0
0.0 0.400483064858 0.9 0.0 0.703434648518 0.479914231771 0.487277694202 0.85 1.0
0.0 0.391401585108 0.9 0.0 0.573546477989 0.24522725302 0.558844689405 0.85 1.0
0.0 0.730726427217 0.9 0.0 0.441072492742 0.672908785685 0.646128579297 0.15 0.0
0.0 0.553571429 0.9 0.0 0.441072492742 0.672908785685 0.646128579297 0.15 0.0
0.0 0.229306544962 0.9 0.0 0.342690777711 0.573734156256 0.447680318816 0.85 1.0
0.0 0.562675429699 0.9 0.0 0.710686356599 0.377167853955 0.622925679944 0.85 1.0
0.0 0.586504142329 0.9 0.0 0.751808355126 0.459724845185 0.437460209935 0.85 1.0
0.0 0.627163521153 0.9 0.0 0.518162581192 0.744763631143 0.53744360376 0.85 1.0
0.0 0.623092793738 0.9 0.0 0.430024964133 0.47386742064 0.463100107098 0.85 0.0
0.0 0.553571429 0.9 0.0 0.430024964133 0.47386742064 0.463100107098 0.85 1.0
0.0 0.404795724016 0.9 0.0 0.531599155551 0.658145226453 0.25896372165 0.85 1.0
0.0 0.68507476703 0.9 0.0 0.299583745455 0.348273510212 0.684964605733 0.85 0.0
0.0 0.553571429 0.9 0.0 0.299583745455 0.348273510212 0.684964605733 0.85 1.0
0.0 0.553571429 0.9 0.0 0.512928573936 0.297290895466 0.226651990375 0.85 1.0
0.0 0.329242151994 0.9 0.0 0.558365106159 0.546777571959 0.498882920679 0.85 1.0
0.0 0.553571429 0.9 0.0 0.368616979357 0.312774389452 0.617052795883 0.85 1.0
0.0 0.435898191467 0.9 0.0 0.596651981123 0.738427101159 0.639221235204 0.85 1.0
0.0 0.374174582997 0.9 0.0 0.602431026389 0.576674830278 0.568755086936 0.85 1.0
0.0 0.545329828109 0.9 0.0 0.253456893975 0.401060646057 0.495086959998 0.85 1.0
0.0 0.339903726814 0.9 0.0 0.403716668714 0.296629057917 0.388303388985 0.85 1.0
0.0 0.58131267048 0.9 0.0 0.358911421918 0.754128094828 0.704986378721 0.85 1.0
0.0 0.298892611465 0.9 0.0 0.480793578508 0.344000583424 0.191390590724 0.85 1.0
0.0 0.782300891975 0.9 0.0 0.426689211289 0.687139134514 0.602173669734 0.85 0.0
0.0 0.553571429 0.9 0.0 0.426689211289 0.687139134514 0.602173669734 0.85 1.0
0.0 0.575688775065 0.9 0.0 0.426689211289 0.5 0.602173669734 0.85 0.0
0.0 0.553571429 0.9 0.0 0.426689211289 0.5 0.602173669734 0.85 1.0
0.0 0.243315029886 0.9 0.0 0.702171945414 0.291885200668 0.251437293324 0.85 1.0
0.0 0.552411557898 0.9 0.0 0.551910405188 0.283103697909 0.343249710451 0.85 1.0
0.0 0.59335068097 0.9 0.0 0.643956963833 0.542003392327 0.405978025505 0.15 0.0
0.0 0.553571429 0.9 0.0 0.624616436122 0.305918331826 0.267169718988 0.85 1.0
0.0 0.484524983562 0.9 0.0 0.516976092673 0.47776588758 0.495461845555 0.85 1.0
0.0 0.553571429 0.9 0.0 0.725383775543 0.508477268409 0.647886118818 0.85 1.0
0.0 0.553571429 0.9 0.0 0.507214591001 0.584775310668 0.500257501389 0.85 1.0
0.0 0.56805930837 0.9 0.0 0.660613490373 0.521699779236 0.676191367265 0.85 1.0
0.0 0.475296948398 0.9 0.0 0.45603464051 0.371676392053 0.527820380328 0.85 1.0
0.0 0.322633487121 0.9 0.0 0.254129406272 0.729963309574 0.524800823 0.85 1.0
0.0 0.535308315702 0.9 0.0 0.659352895238 0.363629597718 0.791686118684 0.85 1.0
1.0 0.285101076114 0.9 0.0 0.522314027823 0.701698353595 0.616017204478 0.15 0.0
1.0 0.553571429 0.9 0.0 0.705748638635 0.661329772987 0.676992929892 0.15 0.0
0.0 0.660532512437 0.9 0.0 0.689021425811 0.291351778924 0.445205444103 0.85 1.0
0.0 0.487569800647 0.9 0.0 0.260575793012 0.313930815008 0.5217117448 0.85 1.0
0.0 0.578296102015 0.9 0.0 0.413405374027 0.487181732573 0.26694030564 0.85 0.0
0.0 0.553571429 0.9 0.0 0.413405374027 0.487181732573 0.26694030564 0.85 1.0
0.0 0.640854883948 0.9 0.0 0.370392114163 0.6770681499 0.566097026951 0.15 0.0
0.0 0.369374164867 0.9 0.0 0.202621859314 0.490851329962 0.56736282453 0.85 1.0
0.0 0.327380952381 0.9 0.0 0.202621859314 0.5 0.56736282453 0.85 0.0
0.0 0.385537367917 0.9 0.0 0.540802393607 0.425105999388 0.357514735744 0.85 1.0
0.0 0.201332062876 0.9 0.0 0.495235334702 0.346449957804 0.506065749355 0.85 1.0
0.0 0.402355130911 0.9 0.0 0.706357336162 0.418602842524 0.521213895692 0.85 1.0
1.0 0.567027228287 0.9 0.0 0.589290506872 0.698021922374 0.630574356735 0.15 0.0
0.0 0.52449808803 0.9 0.0 0.483064886062 0.511573919868 0.584945687713 0.85 1.0
0.0 0.523837080538 0.9 0.0 0.314542863149 0.734302615981 0.453928954815 0.85 1.0
0.0 0.457719359369 0.9 0.0 0.575986828776 0.701964537754 0.298892611465 0.85 1.0
0.0 0.719393360774 0.9 0.0 0.213757359449 0.292206124918 0.384412629852 0.85 0.0
0.0 0.553571429 0.9 0.0 0.213757359449 0.292206124918 0.384412629852 0.85 1.0
0.0 0.329321180602 0.9 0.0 0.673388616927 0.476717765188 0.793978547086 0.85 1.0
0.0 0.523285721346 0.9 0.0 0.48999832487 0.409973144476 0.327737952495 0.85 1.0
0.0 0.381412769901 0.9 0.0 0.672606974708 0.382676170847 0.675857144283 0.85 1.0
0.0 0.5205217957 0.9 0.0 0.421934806988 0.668439808237 0.462613005056 0.85 1.0
0.0 0.602394703625 0.9 0.0 0.507214591001 0.613223768893 0.500257501389 0.85 1.0
0.0 0.607289212418 0.9 0.0 0.722412142745 0.444182575393 0.409911108644 0.85 0.0
0.0 0.553571429 0.9 0.0 0.722412142745 0.444182575393 0.409911108644 0.85 1.0
0.0 0.553571429 0.9 0.0 0.374456217834 0.443405587103 0.648163257012 0.85 1.0
0.0 0.401300794667 0.9 0.0 0.408142221112 0.344163617077 0.461301892502 0.85 1.0
0.0 0.348621675605 0.9 0.0 0.76443460055 0.707748664064 0.571274613378 0.85 1.0
0.0 0.49268804408 0.9 0.0 0.70561355486 0.453481006943 0.457965027351 0.85 1.0
0.0 0.226498220802 0.9 0.0 0.673806271259 0.291318874126 0.671275264824 0.85 1.0
0.0 0.609408059588 0.9 0.0 0.714887831713 0.296284391189 0.281888431406 0.85 1.0
0.0 0.501057933009 0.9 0.0 0.5157559482 0.799564748917 0.542979176829 0.85 1.0
0.0 0.323394903194 0.9 0.0 0.610037696035 0.746804078863 0.551962889097 0.85 1.0
0.0 0.406180438535 0.9 0.0 0.225944765545 0.275386398046 0.336183066786 0.85 1.0
0.0 0.491238362761 0.9 1.0 0.505053356594 0.196781266776 0.470358333092 0.15 0.0
0.0 0.486839270481 0.9 0.0 0.413304578232 0.645740316488 0.564440209845 0.15 0.0
0.0 0.308572025135 0.9 0.0 0.277275268692 0.570580354642 0.68507476703 0.85 1.0
0.0 0.470358333092 0.9 0.0 0.306388325528 0.35569931047 0.24715686703 0.85 1.0
0.0 0.553571429 0.9 0.0 0.270351772346 0.396158605004 0.645271472346 0.85 1.0
0.0 0.449552773052 0.9 0.0 0.248191644874 0.634750397115 0.437460209935 0.85 1.0
0.0 0.665606246897 0.9 0.0 0.504034733652 0.272568793155 0.250047999951 0.85 1.0
0.0 0.56516556099 0.9 0.0 0.664462435673 0.2006023827 0.738177906066 0.85 1.0
0.0 0.627377154999 0.9 0.0 0.714887831713 0.358983476979 0.682824481859 0.85 1.0
0.0 0.234906398746 0.9 0.0 0.294474333834 0.315416986696 0.230524925239 0.85 1.0
0.0 0.625951772208 0.9 0.0 0.303512875408 0.302099471367 0.59647710001 0.85 1.0
0.0 0.217932853684 0.9 0.0 0.278299971118 0.576301514367 0.633969742898 0.85 1.0
0.0 0.575688775065 0.9 0.0 0.278299971118 0.5 0.633969742898 0.85 0.0
0.0 0.553571429 0.9 0.0 0.278299971118 0.5 0.633969742898 0.85 1.0
0.0 0.553571429 0.9 0.0 0.432343594506 0.655999416576 0.504817563856 0.85 1.0
0.0 0.4052013849 0.9 0.0 0.365180084034 0.554397444899 0.553676772197 0.85 1.0
0.0 0.552411557898 0.9 0.0 0.512047314006 0.605079705572 0.375573390727 0.85 1.0
0.0 0.562857309125 0.9 0.0 0.369307628973 0.300424449877 0.560932122547 0.85 1.0
0.0 0.640365158327 0.9 0.0 0.447189687985 0.254673264495 0.477528258589 0.85 1.0
0.0 0.553571429 0.9 0.0 0.76190263361 0.380850260282 0.499656498104 0.85 1.0
0.0 0.512494109303 0.9 0.0 0.734106323219 0.549845899621 0.302396085281 0.85 1.0
0.0 0.553571429 0.9 0.0 0.384006877324 0.68294407911 0.652928230327 0.15 0.0