0.0 0.327380952381 0.9 0.0 0.707681520969 0.5 0.727802788194 0.85 1.0
1.0 0.327380952381 0.9 1.0 0.707681520969 0.5 0.727802788194 0.85 0.0
0.0 0.777472644397 0.9 0.0 0.323222666798 0.30233835269 0.201829332665 0.85 0.0
0.0 0.553571429 0.9 0.0 0.323222666798 0.30233835269 0.201829332665 0.85 0.0
0.0 0.327380952381 0.9 0.0 0.323222666798 0.5 0.201829332665 0.85 1.0
0.0 0.575688775065 0.9 0.0 0.323222666798 0.5 0.201829332665 0.85 0.0
0.0 0.553571429 0.9 0.0 0.323222666798 0.5 0.201829332665 0.85 0.0
0.0 0.327380952381 0.9 0.0 0.323222666798 0.5 0.201829332665 0.85 1.0
1.0 0.327380952381 0.9 1.0 0.323222666798 0.5 0.201829332665 0.85 0.0
0.0 0.327380952381 0.9 0.0 0.323222666798 0.5 0.201829332665 0.85 1.0
0.0 0.327380952381 0.9 0.0 0.323222666798 0.5 0.201829332665 0.85 1.0
0.0 0.158639455988 0.9 0.0 0.323222666798 0.5 0.201829332665 0.85 1.0
0.0 0.327380952381 0.9 0.0 0.323222666798 0.5 0.201829332665 0.85 1.0
0.0 0.158639455988 0.9 0.0 0.323222666798 0.5 0.201829332665 0.85 1.0
0.0 0.553571429 0.9 0.0 0.256924543336 0.600070070824 0.472009123205 0.15 0.0
0.0 0.553571429 0.9 0.0 0.256924543336 0.399929929176 0.472009123205 0.15 0.0
0.0 0.553571429 0.9 1.0 0.256924543336 0.399929929176 0.472009123205 0.15 0.0
0.0 0.327380952381 0.9 0.0 0.381742910376 0.5 0.469275307765 0.85 1.0
0.0 0.548574994896 0.9 0.0 0.647580179026 0.399929929176 0.747673009832 0.15 0.0
0.0 0.548574994896 0.9 1.0 0.647580179026 0.399929929176 0.747673009832 0.15 0.0
0.0 0.171731021905 0.9 1.0 0.647580179026 0.399929929176 0.747673009832 0.15 0.0
1.0 0.553571429 0.9 0.0 0.305850893106 0.545361706666 0.781711068477 0.15 0.0
0.0 0.553571429 0.9 1.0 0.305850893106 0.454638293334 0.781711068477 0.15 0.0
0.0 0.327380952381 0.9 0.0 0.538706319115 0.5 0.537605493834 0.85 1.0
0.0 0.327380952381 0.9 0.0 0.336749491651 0.5 0.802418634642 0.85 1.0
0.0 0.710129943866 0.9 0.0 0.493899375943 0.302242961559 0.613312975753 0.15 0.0
1.0 0.553571429 0.9 0.0 0.755621787621 0.613540503439 0.474073616834 0.15 0.0
0.0 0.327380952381 0.9 0.0 0.557422046488 0.5 0.535010444211 0.85 1.0
0.0 0.327380952381 0.9 0.0 0.702215325885 0.5 0.432471875471 0.85 1.0
0.0 0.575688775065 0.9 0.0 0.702215325885 0.5 0.432471875471 0.85 0.0
0.0 0.553571429 0.9 0.0 0.702215325885 0.5 0.432471875471 0.85 0.0
0.0 0.327380952381 0.9 0.0 0.702215325885 0.5 0.432471875471 0.85 1.0
0.0 0.327380952381 0.9 0.0 0.642565827975 0.5 0.609116171366 0.85 1.0
0.0 0.553571429 0.9 0.0 0.642565827975 0.5 0.609116171366 0.85 0.0
0.0 0.327380952381 0.9 0.0 0.642565827975 0.5 0.609116171366 0.85 1.0
0.0 0.327380952381 0.9 0.0 0.373463568065 0.5 0.323234714006 0.85 1.0
0.0 0.259291632906 0.9 0.0 0.323018191832 0.6054286247 0.42134203209 0.85 0.0
0.0 0.259291632906 0.9 0.0 0.323018191832 0.5 0.42134203209 0.85 1.0
0.0 0.327380952381 0.9 0.0 0.495611412019 0.5 0.220290305089 0.85 1.0
0.0 0.553571429 0.9 1.0 0.49324015434 0.273531429895 0.541907935357 0.15 0.0
0.0 0.267902927694 0.9 0.0 0.495451861545 0.503848545264 0.53582250188 0.85 1.0
0.0 0.323835124708 0.9 0.0 0.407514167594 0.5 0.391644466162 0.85 1.0
0.0 0.327380952381 0.9 0.0 0.234820955758 0.5 0.501885863721 0.85 1.0
0.0 0.510133407504 0.9 0.0 0.58469823092 0.397773800139 0.329004982537 0.85 0.0
0.0 0.327380952381 0.9 0.0 0.58469823092 0.5 0.329004982537 0.85 1.0
0.0 0.633240086144 0.9 0.0 0.406609133369 0.566088817698 0.648070888739 0.85 0.0
0.0 0.553571429 0.9 0.0 0.406609133369 0.566088817698 0.648070888739 0.85 0.0
0.0 0.327380952381 0.9 0.0 0.406609133369 0.5 0.648070888739 0.85 1.0
0.0 0.327380952381 0.9 0.0 0.693398699061 0.5 0.562857309125 0.85 1.0
0.0 0.301259605807 0.9 0.0 0.286859173249 0.5 0.32387512315 0.85 1.0
0.0 0.327380952381 0.9 0.0 0.683526685266 0.5 0.449926524445 0.85 1.0
0.0 0.156696067188 0.9 0.0 0.262196775795 0.440022225289 0.444199868675 0.85 1.0
0.0 0.327380952381 0.9 0.0 0.627356899648 0.5 0.174073148863 0.85 1.0
0.0 0.327380952381 0.9 0.0 0.283629391491 0.5 0.358072010175 0.85 1.0
0.0 0.327380952381 0.9 0.0 0.335616161616 0.5 0.40719133584 0.85 1.0
0.0 0.667252667478 0.9 0.0 0.258958443053 0.628702948334 0.308613451112 0.15 0.0
0.0 0.327380952381 0.9 0.0 0.246773433439 0.5 0.442498876908 0.85 1.0
0.0 0.481435227107 0.9 0.0 0.610372154629 0.578141326661 0.354905458033 0.85 0.0
0.0 0.327380952381 0.9 0.0 0.610372154629 0.5 0.354905458033 0.85 1.0
0.0 0.327380952381 0.9 0.0 0.34659074292 0.5 0.470508595924 0.85 1.0
0.0 0.298680620465 0.9 0.0 0.509176622572 0.482160642372 0.530198629775 0.85 1.0
0.0 0.327380952381 0.9 0.0 0.303512875408 0.5 0.756417919564 0.85 1.0
0.0 0.327380952381 0.9 0.0 0.402937014912 0.5 0.620438397832 0.85 1.0
0.0 0.327380952381 0.9 0.0 0.402937014912 0.5 0.620438397832 0.85 1.0
0.0 0.327380952381 0.9 0.0 0.686069184992 0.5 0.285363994082 0.85 1.0
0.0 0.327380952381 0.9 0.0 0.248495782661 0.5 0.614134956674 0.85 1.0
0.0 0.225831093735 0.9 0.0 0.454328056419 0.407212206151 0.27439530642 0.85 1.0
1.0 0.553571429 0.9 0.0 0.521513637026 0.584322914819 0.573989503706 0.15 0.0
0.0 0.327380952381 0.9 0.0 0.486845023251 0.5 0.560463009182 0.85 1.0
0.0 0.279095035909 0.9 0.0 0.579230501663 0.5 0.626355907395 0.85 1.0
0.0 0.327380952381 0.9 0.0 0.609524516904 0.5 0.189845970127 0.85 1.0
0.0 0.521849967586 0.9 0.0 0.346541173835 0.472059720264 0.79088824498 0.85 0.0
0.0 0.327380952381 0.9 0.0 0.346541173835 0.5 0.79088824498 0.85 1.0
0.0 0.29239927759 0.9 0.0 0.60590184326 0.437834615539 0.475058447359 0.85 1.0
0.0 0.345848194994 0.9 0.0 0.388301308299 0.558179974093 0.501286438057 0.85 0.0
0.0 0.327380952381 0.9 0.0 0.388301308299 0.5 0.501286438057 0.85 1.0
0.0 0.327380952381 0.9 0.0 0.711942186888 0.5 0.699052954692 0.85 1.0
0.0 0.411883407642 0.9 0.0 0.699735970221 0.585816075031 0.205070318811 0.85 0.0
0.0 0.327380952381 0.9 0.0 0.699735970221 0.5 0.205070318811 0.85 1.0
0.0 0.269000143167 0.9 0.0 0.445057997349 0.5 0.564025377652 0.85 1.0
0.0 0.327380952381 0.9 0.0 0.683668857164 0.5 0.209683363607 0.85 1.0
0.0 0.327380952381 0.9 0.0 0.53549912076 0.5 0.175580206447 0.85 1.0
0.0 0.327380952381 0.9 0.0 0.526702615804 0.5 0.551434659063 0.85 1.0
0.0 0.327380952381 0.9 0.0 0.604629345704 0.5 0.291321456027 0.85 1.0
0.0 0.327420633157 0.9 0.0 0.693508989359 0.496664528621 0.588109267137 0.85 0.0
0.0 0.327380952381 0.9 0.0 0.693508989359 0.5 0.588109267137 0.85 1.0
0.0 0.327380952381 0.9 0.0 0.392667491377 0.5 0.496239724183 0.85 1.0
0.0 0.33653316948 0.9 0.0 0.757774705016 0.42364074846 0.609821367808 0.85 0.0
0.0 0.327380952381 0.9 0.0 0.757774705016 0.5 0.609821367808 0.85 1.0
0.0 0.553571429 0.9 0.0 0.757774705016 0.5 0.609821367808 0.85 0.0
0.0 0.327380952381 0.9 0.0 0.757774705016 0.5 0.609821367808 0.85 1.0
0.0 0.327380952381 0.9 0.0 0.528467935535 0.5 0.300331308424 0.85 1.0
0.0 0.327380952381 0.9 0.0 0.672892115119 0.5 0.506660596477 0.85 1.0
0.0 0.327380952381 0.9 0.0 0.719728279736 0.5 0.561531074622 0.85 1.0
0.0 0.327380952381 0.9 0.0 0.338258458757 0.5 0.276192269072 0.85 1.0
0.0 0.327380952381 0.9 0.0 0.630985659494 0.5 0.547645620219 0.85 1.0
0.0 0.327380952381 0.9 0.0 0.658706834438 0.5 0.27263533039 0.85 1.0
0.0 0.327380952381 0.9 0.0 0.576181064122 0.5 0.317712769711 0.85 1.0
0.0 0.327380952381 0.9 0.0 0.727825711252 0.5 0.453650623174 0.85 1.0
0.0 0.327380952381 0.9 0.0 0.397311629655 0.5 0.582045833695 0.85 1.0
0.0 0.327380952381 0.9 0.0 0.600979188733 0.5 0.50231367087 0.85 1.0
0.0 0.327380952381 0.9 0.0 0.651043096383 0.5 0.51002077216 0.85 1.0
0.0 0.553571429 0.9 1.0 0.5 0.313930815008 0.535714285714 0.15 0.0
0.0 0.327380952381 0.9 0.0 0.424410765203 0.5 0.36103321551 0.85 1.0
0.0 0.3107208811 0.9 0.0 0.405943901797 0.5 0.610477317232 0.85 1.0
0.0 0.277623978132 0.9 0.0 0.576523300813 0.387364731738 0.473954132297 0.85 0.0
0.0 0.277623978132 0.9 0.0 0.576523300813 0.5 0.473954132297 0.85 1.0
0.0 0.327380952381 0.9 0.0 0.40976384068 0.5 0.60619082794 0.85 1.0
0.0 0.327380952381 0.9 0.0 0.585961441184 0.5 0.570041710654 0.85 1.0
0.0 0.327380952381 0.9 0.0 0.585961441184 0.5 0.570041710654 0.85 1.0
0.0 0.301259605807 0.9 0.0 0.368121170226 0.553552669413 0.342405891507 0.85 1.0
0.0 0.327380952381 0.9 0.0 0.732965399558 0.5 0.489290373666 0.85 1.0
0.0 0.327380952381 0.9 0.0 0.521699779236 0.5 0.155795151919 0.85 1.0
0.0 0.383355901095 0.9 0.0 0.612744277047 0.44015019212 0.495922929442 0.85 0.0
0.0 0.327380952381 0.9 0.0 0.612744277047 0.5 0.495922929442 0.85 1.0
0.0 0.327380952381 0.9 0.0 0.316222701066 0.5 0.378252347005 0.85 1.0
0.0 0.327380952381 0.9 0.0 0.69522997348 0.5 0.718547774376 0.85 1.0
0.0 0.327380952381 0.9 0.0 0.268767292059 0.5 0.671432157192 0.85 1.0
0.0 0.327380952381 0.9 0.0 0.335013088833 0.5 0.551276108883 0.85 1.0
0.0 0.327380952381 0.9 0.0 0.726616583274 0.5 0.546581888804 0.85 1.0
0.0 0.336610933548 0.9 0.0 0.337588539683 0.413304578232 0.717870690129 0.85 0.0
0.0 0.327380952381 0.9 0.0 0.337588539683 0.5 0.717870690129 0.85 1.0
0.0 0.518552135275 0.9 0.0 0.457182867336 0.511681930904 0.370243888275 0.85 0.0
0.0 0.327380952381 0.9 0.0 0.457182867336 0.5 0.370243888275 0.85 1.0
0.0 0.222942438624 0.9 0.0 0.277275268692 0.5 0.363425812599 0.85 1.0
0.0 0.327380952381 0.9 0.0 0.670400955615 0.5 0.608848504338 0.85 1.0
0.0 0.243315029886 0.9 0.0 0.305191878233 0.437715710997 0.50810287626 0.85 1.0
0.0 0.658325129396 0.9 0.0 0.431469988542 0.380580034445 0.629084029607 0.85 0.0
0.0 0.327380952381 0.9 0.0 0.431469988542 0.5 0.629084029607 0.85 1.0
0.0 0.327380952381 0.9 0.0 0.394628847198 0.5 0.696254760761 0.85 1.0
0.0 0.327380952381 0.9 0.0 0.620401039651 0.5 0.485316939207 0.85 1.0
0.0 0.441678040528 0.9 0.0 0.282713003 0.4599937061 0.590510146199 0.85 0.0
0.0 0.327380952381 0.9 0.0 0.282713003 0.5 0.590510146199 0.85 1.0
0.0 0.190990872455 0.9 0.0 0.421539897802 0.514417202048 0.575547035909 0.85 1.0
0.0 0.327380952381 0.9 0.0 0.380458531212 0.5 0.256330119653 0.85 1.0
0.0 0.327380952381 0.9 0.0 0.56755370633 0.5 0.572684612908 0.85 1.0
0.0 0.323394903194 0.9 0.0 0.432530641332 0.5 0.640551757698 0.85 1.0
0.0 0.290586917478 0.9 0.0 0.776981126507 0.5 0.42665944689 0.85 1.0
0.0 0.327380952381 0.9 0.0 0.364800455832 0.5 0.366865038856 0.85 1.0
0.0 0.41877890467 0.9 0.0 0.76062395741 0.522179500944 0.329123582954 0.85 0.0
0.0 0.327380952381 0.9 0.0 0.76062395741 0.5 0.329123582954 0.85 1.0
0.0 0.327380952381 0.9 0.0 0.407392447602 0.5 0.308737704972 0.85 1.0
0.0 0.327380952381 0.9 0.0 0.296660475118 0.5 0.495692430728 0.85 1.0
0.0 0.327380952381 0.9 0.0 0.617256622928 0.5 0.408032269221 0.85 1.0
0.0 0.351529413716 0.9 0.0 0.281168731397 0.490504239604 0.447211237811 0.85 0.0
0.0 0.327380952381 0.9 0.0 0.281168731397 0.5 0.447211237811 0.85 1.0
0.0 0.327380952381 0.9 0.0 0.785282648421 0.5 0.522844293004 0.85 1.0
0.0 0.327380952381 0.9 0.0 0.741482005747 0.5 0.633875633373 0.85 1.0
0.0 0.327380952381 0.9 0.0 0.631749070876 0.5 0.177019764653 0.85 1.0
0.0 0.327380952381 0.9 0.0 0.231389812584 0.5 0.51752327698 0.85 1.0
0.0 0.327380952381 0.9 0.0 0.455445567645 0.5 0.485756466471 0.85 1.0
0.0 0.327380952381 0.9 0.0 0.393268391368 0.5 0.456335522552 0.85 1.0
0.0 0.327380952381 0.9 0.0 0.424459314625 0.5 0.641553944998 0.85 1.0
0.0 0.327380952381 0.9 0.0 0.384006877324 0.5 0.42665944689 0.85 1.0
0.0 0.28016149136 0.9 0.0 0.389691698146 0.488805603623 0.466740461863 0.85 1.0
0.0 0.327380952381 0.9 0.0 0.523313139713 0.5 0.520632582019 0.85 1.0
0.0 0.209359862479 0.9 0.0 0.432975462634 0.5 0.195753995766 0.85 1.0
0.0 0.260833687753 0.9 0.0 0.669545792088 0.5 0.194230889689 0.85 1.0
0.0 0.73116410595 0.9 0.0 0.254784313616 0.696487124592 0.511595836322 0.15 0.0
0.0 0.476309511907 0.9 0.0 0.461810927241 0.449635456767 0.194117772333 0.85 0.0
0.0 0.327380952381 0.9 0.0 0.461810927241 0.5 0.194117772333 0.85 1.0
0.0 0.367520840897 0.9 0.0 0.250240986099 0.564999105979 0.518274229254 0.85 0.0
0.0 0.327380952381 0.9 0.0 0.250240986099 0.5 0.518274229254 0.85 1.0
0.0 0.327380952381 0.9 0.0 0.612327814592 0.5 0.60775247636 0.85 1.0
0.0 0.327380952381 0.9 0.0 0.305850893106 0.5 0.781711068477 0.85 1.0
0.0 0.558400281234 0.9 1.0 0.521150749005 0.264496584955 0.585851016337 0.15 0.0
0.0 0.311544508724 0.9 0.0 0.611604534695 0.524246384694 0.33622198038 0.85 1.0
0.0 0.327380952381 0.9 0.0 0.484856391233 0.5 0.471319354339 0.85 1.0
0.0 0.327380952381 0.9 0.0 0.374895213623 0.5 0.53889918042 0.85 1.0
0.0 0.327380952381 0.9 0.0 0.693611674472 0.5 0.613361353108 0.85 1.0
0.0 0.620989189806 0.9 0.0 0.719167977925 0.426506528969 0.252869032186 0.15 0.0
0.0 0.338937715754 0.9 0.0 0.700775421867 0.539177902302 0.617630167368 0.85 0.0
0.0 0.327380952381 0.9 0.0 0.700775421867 0.5 0.617630167368 0.85 1.0
0.0 0.327380952381 0.9 0.0 0.741308634204 0.5 0.424186638018 0.85 1.0
0.0 0.219401642282 0.9 0.0 0.415117410103 0.350455688543 0.417492749325 0.85 0.0
0.0 0.219401642282 0.9 0.0 0.415117410103 0.5 0.417492749325 0.85 1.0
0.0 0.327380952381 0.9 0.0 0.394877212772 0.5 0.493787508392 0.85 1.0
0.0 0.327380952381 0.9 0.0 0.679833422432 0.5 0.32387512315 0.85 1.0
0.0 0.327380952381 0.9 0.0 0.556358658128 0.5 0.174073148863 0.85 1.0
0.0 0.327380952381 0.9 0.0 0.335502754925 0.5 0.475058447359 0.85 1.0
0.0 0.327380952381 0.9 0.0 0.271542637501 0.5 0.640551757698 0.85 1.0
0.0 0.327380952381 0.9 0.0 0.37567079128 0.5 0.280472004632 0.85 1.0
0.0 0.327380952381 0.9 0.0 0.642089679693 0.5 0.622352432396 0.85 1.0
0.0 0.266435115683 0.9 0.0 0.735842204752 0.558476741661 0.498882920679 0.85 1.0
0.0 0.327380952381 0.9 0.0 0.270917011278 0.5 0.496470017947 0.85 1.0
0.0 0.327380952381 0.9 0.0 0.701328620296 0.5 0.533464750406 0.85 1.0
0.0 0.327380952381 0.9 0.0 0.566404086472 0.5 0.516297601091 0.85 1.0
0.0 0.327380952381 0.9 0.0 0.303512875408 0.5 0.293431336645 0.85 1.0
0.0 0.327380952381 0.9 0.0 0.465941411364 0.5 0.319534214757 0.85 1.0
0.0 0.327380952381 0.9 0.0 0.283803084018 0.5 0.522706284378 0.85 1.0
0.0 0.327380952381 0.9 0.0 0.294251361365 0.5 0.676992929892 0.85 1.0
0.0 0.387779356129 0.9 0.0 0.484921507103 0.485300751649 0.572684612908 0.85 0.0
0.0 0.327380952381 0.9 0.0 0.484921507103 0.5 0.572684612908 0.85 1.0
0.0 0.327380952381 0.9 0.0 0.731986245352 0.5 0.654761904762 0.85 1.0
0.0 0.454670512382 0.9 1.0 0.437715710997 0.205593028177 0.60567767882 0.15 0.0
0.0 0.401641136396 0.9 0.0 0.674872352208 0.453981913191 0.417492749325 0.85 0.0
0.0 0.327380952381 0.9 0.0 0.674872352208 0.5 0.417492749325 0.85 1.0
0.0 0.327380952381 0.9 0.0 0.689341206434 0.5 0.617822523996 0.85 1.0
0.0 0.327380952381 0.9 0.0 0.3227192969 0.5 0.759004234028 0.85 1.0
0.0 0.327380952381 0.9 0.0 0.347871179879 0.5 0.620701871246 0.85 1.0
