0.0 0.553571429 0.9 0.0 0.256924543336 0.399929929176 0.472009123205 0.15 1.0
0.0 0.553571429 0.9 1.0 0.256924543336 0.399929929176 0.472009123205 0.15 0.0
0.0 0.548574994896 0.9 0.0 0.647580179026 0.399929929176 0.747673009832 0.15 1.0
0.0 0.548574994896 0.9 1.0 0.647580179026 0.399929929176 0.747673009832 0.15 0.0
0.0 0.635176590636 0.9 0.0 0.647580179026 0.399929929176 0.747673009832 0.15 0.0
0.0 0.553571429 0.9 0.0 0.647580179026 0.399929929176 0.747673009832 0.15 1.0
0.0 0.553571429 0.9 1.0 0.647580179026 0.399929929176 0.747673009832 0.15 0.0
0.0 0.553571429 0.9 0.0 0.647580179026 0.399929929176 0.747673009832 0.15 1.0
0.0 0.553571429 0.9 0.0 0.647580179026 0.399929929176 0.747673009832 0.15 1.0
0.0 0.171731021905 0.9 0.0 0.647580179026 0.399929929176 0.747673009832 0.15 1.0
0.0 0.171731021905 0.9 1.0 0.647580179026 0.399929929176 0.747673009832 0.15 0.0
0.0 0.553571429 0.9 0.0 0.647580179026 0.399929929176 0.747673009832 0.15 1.0
1.0 0.553571429 0.9 0.0 0.647580179026 0.600070070824 0.747673009832 0.15 0.0
0.0 0.553571429 0.9 0.0 0.305850893106 0.545361706666 0.781711068477 0.15 1.0
0.0 0.553571429 0.9 0.0 0.305850893106 0.545361706666 0.781711068477 0.15 1.0
1.0 0.553571429 0.9 0.0 0.305850893106 0.545361706666 0.781711068477 0.15 0.0
0.0 0.553571429 0.9 1.0 0.305850893106 0.454638293334 0.781711068477 0.15 0.0
0.0 0.41976616584 0.9 0.0 0.459102253135 0.692578455518 0.466135308725 0.15 1.0
0.0 0.679412813632 0.9 0.0 0.459102253135 0.692578455518 0.466135308725 0.15 0.0
0.0 0.553571429 0.9 0.0 0.459102253135 0.692578455518 0.466135308725 0.15 1.0
0.0 0.602443813072 0.9 0.0 0.483955736774 0.335709545403 0.531098448615 0.15 1.0
0.0 0.553571429 0.9 0.0 0.269607205565 0.312052124618 0.254769487336 0.15 1.0
0.0 0.710129943866 0.9 0.0 0.493899375943 0.302242961559 0.613312975753 0.15 0.0
0.0 0.553571429 0.9 0.0 0.493899375943 0.302242961559 0.613312975753 0.15 1.0
0.0 0.553571429 0.9 1.0 0.493899375943 0.302242961559 0.613312975753 0.15 0.0
0.0 0.705781436285 0.9 0.0 0.463204646399 0.365419700056 0.530825907807 0.15 0.0
0.0 0.553571429 0.9 0.0 0.463204646399 0.365419700056 0.530825907807 0.15 1.0
0.0 0.424023558474 0.9 0.0 0.755621787621 0.613540503439 0.474073616834 0.15 1.0
0.0 0.64241912762 0.9 0.0 0.755621787621 0.613540503439 0.474073616834 0.15 0.0
0.0 0.553571429 0.9 0.0 0.755621787621 0.613540503439 0.474073616834 0.15 1.0
0.0 0.553571429 0.9 0.0 0.755621787621 0.613540503439 0.474073616834 0.15 1.0
0.0 0.532051443048 0.9 0.0 0.521304766127 0.43760300256 0.370822846037 0.15 1.0
0.0 0.613799885489 0.9 0.0 0.521304766127 0.43760300256 0.370822846037 0.15 0.0
0.0 0.553571429 0.9 0.0 0.521304766127 0.43760300256 0.370822846037 0.15 1.0
0.0 0.553571429 0.9 0.0 0.521304766127 0.56239699744 0.370822846037 0.15 1.0
0.0 0.575688775065 0.9 0.0 0.702215325885 0.5 0.432471875471 0.85 0.0
0.0 0.553571429 0.9 0.0 0.606375740911 0.661688772803 0.2272663859 0.15 1.0
0.0 0.437555701312 0.9 0.0 0.462262234948 0.288369266642 0.633546157362 0.15 1.0
0.0 0.499226852361 0.9 0.0 0.284784799752 0.788834003887 0.218615585802 0.15 1.0
0.0 0.539302936139 0.9 0.0 0.282272554199 0.337202442359 0.675099051436 0.15 1.0
0.0 0.658530201864 0.9 0.0 0.524065207772 0.353958653137 0.562675429699 0.15 0.0
0.0 0.553571429 0.9 0.0 0.524065207772 0.353958653137 0.562675429699 0.15 1.0
0.0 0.553571429 0.9 0.0 0.524065207772 0.353958653137 0.562675429699 0.15 1.0
0.0 0.464801763962 0.9 0.0 0.49324015434 0.790675660674 0.541907935357 0.15 1.0
0.0 0.553571429 0.9 0.0 0.49324015434 0.273531429895 0.541907935357 0.15 1.0
0.0 0.553571429 0.9 0.0 0.49324015434 0.273531429895 0.541907935357 0.15 1.0
0.0 0.293560162515 0.9 0.0 0.470456305881 0.615993122676 0.588259560834 0.15 1.0
0.0 0.340328128133 0.9 0.0 0.746499173252 0.243337177339 0.538010044512 0.15 1.0
0.0 0.50231367087 0.9 0.0 0.259213567559 0.20800493955 0.287156045674 0.15 1.0
0.0 0.470358333092 0.9 0.0 0.701592031809 0.333958639574 0.706082069103 0.15 1.0
0.0 0.548150298533 0.9 0.0 0.571455460342 0.567784176258 0.662620353044 0.15 1.0
0.0 0.553571429 0.9 0.0 0.445780706265 0.360252317378 0.545303162883 0.15 1.0
0.0 0.510133407504 0.9 0.0 0.58469823092 0.397773800139 0.329004982537 0.85 0.0
0.0 0.553571429 0.9 0.0 0.489794433166 0.554705542252 0.172861900839 0.15 1.0
1.0 0.553571429 0.9 0.0 0.489794433166 0.554705542252 0.172861900839 0.15 0.0
0.0 0.553571429 0.9 0.0 0.489794433166 0.554705542252 0.172861900839 0.15 1.0
0.0 0.548150298533 0.9 0.0 0.591364337364 0.567784176258 0.530962192495 0.15 1.0
0.0 0.616947515359 0.9 0.0 0.591364337364 0.567784176258 0.530962192495 0.15 0.0
0.0 0.553571429 0.9 0.0 0.591364337364 0.567784176258 0.530962192495 0.15 1.0
0.0 0.594369511576 0.9 0.0 0.269454286772 0.653472480525 0.501200758529 0.15 1.0
0.0 0.307742661196 0.9 0.0 0.551040234168 0.718721237012 0.409777127201 0.15 1.0
0.0 0.553571429 0.9 0.0 0.551040234168 0.281278762988 0.409777127201 0.15 1.0
0.0 0.56612288293 0.9 0.0 0.461810927241 0.278884090096 0.272409120178 0.15 1.0
0.0 0.29744894487 0.9 0.0 0.241864292093 0.364800455832 0.588384781191 0.15 1.0
0.0 0.478240517377 0.9 0.0 0.71508286745 0.237521700651 0.674429544499 0.15 1.0
0.0 0.613482282519 0.9 0.0 0.34327896278 0.33087908429 0.439366934899 0.15 1.0
0.0 0.293774782962 0.9 0.0 0.411438628561 0.525293553926 0.464771420726 0.15 1.0
0.0 0.591452385004 0.9 0.0 0.411438628561 0.474706446074 0.464771420726 0.15 0.0
0.0 0.553571429 0.9 0.0 0.411438628561 0.474706446074 0.464771420726 0.15 1.0
0.0 0.15637465003 0.9 0.0 0.71432648222 0.527086614239 0.708012099339 0.15 1.0
0.0 0.542979176829 0.9 0.0 0.47269251309 0.354767944369 0.318077665899 0.15 1.0
0.0 0.523037455246 0.9 0.0 0.343668974786 0.453345606356 0.776345604594 0.15 1.0
0.0 0.2641766334 0.9 0.0 0.737007335553 0.295268328027 0.533464750406 0.15 1.0
0.0 0.576464598601 0.9 0.0 0.529543694119 0.627487335078 0.588259560834 0.15 1.0
0.0 0.513587155028 0.9 0.0 0.660627000941 0.586449428557 0.705953239881 0.15 1.0
0.0 0.441140689509 0.9 0.0 0.681009325298 0.294112220569 0.834002740935 0.15 1.0
0.0 0.441678040528 0.9 0.0 0.223018873493 0.4599937061 0.573068659702 0.15 1.0
0.0 0.689249771275 0.9 0.0 0.26839453849 0.298301646405 0.663096144089 0.15 0.0
0.0 0.553571429 0.9 0.0 0.26839453849 0.298301646405 0.663096144089 0.15 1.0
0.0 0.667252667478 0.9 0.0 0.258958443053 0.628702948334 0.308613451112 0.15 0.0
0.0 0.553571429 0.9 0.0 0.258958443053 0.628702948334 0.308613451112 0.15 1.0
0.0 0.553571429 0.9 0.0 0.524689353082 0.485777729483 0.485082393915 0.15 1.0
0.0 0.512157406741 0.9 0.0 0.347602422119 0.668066543812 0.193041112593 0.15 1.0
0.0 0.387849258477 0.9 0.0 0.74839752978 0.541316099614 0.534739534178 0.15 1.0
0.0 0.404897168683 0.9 0.0 0.618482345772 0.593082117451 0.416037990904 0.15 1.0
0.0 0.605702122731 0.9 0.0 0.482920588932 0.416257152455 0.579007055601 0.15 1.0
0.0 0.626101320312 0.9 0.0 0.482920588932 0.583742847545 0.579007055601 0.15 0.0
0.0 0.553571429 0.9 0.0 0.482920588932 0.583742847545 0.579007055601 0.15 1.0
0.0 0.553571429 0.9 0.0 0.482920588932 0.583742847545 0.579007055601 0.15 1.0
0.0 0.534007515738 0.9 0.0 0.597720186318 0.685196562478 0.318685150258 0.15 1.0
0.0 0.603645952068 0.9 0.0 0.22911949755 0.520628753983 0.426821738958 0.15 0.0
0.0 0.553571429 0.9 0.0 0.22911949755 0.520628753983 0.426821738958 0.15 1.0
0.0 0.297661562457 0.9 0.0 0.451294510713 0.300985939357 0.311709045271 0.15 1.0
0.0 0.553571429 0.9 0.0 0.521513637026 0.584322914819 0.573989503706 0.15 1.0
0.0 0.626428964933 0.9 0.0 0.521513637026 0.415677085181 0.573989503706 0.15 0.0
0.0 0.553571429 0.9 0.0 0.521513637026 0.415677085181 0.573989503706 0.15 1.0
0.0 0.553571429 0.9 0.0 0.521513637026 0.584322914819 0.573989503706 0.15 1.0
1.0 0.553571429 0.9 0.0 0.521513637026 0.584322914819 0.573989503706 0.15 0.0
0.0 0.553571429 0.9 0.0 0.521513637026 0.584322914819 0.573989503706 0.15 1.0
0.0 0.553571429 0.9 0.0 0.521513637026 0.584322914819 0.573989503706 0.15 1.0
0.0 0.553571429 0.9 0.0 0.521513637026 0.584322914819 0.573989503706 0.15 1.0
0.0 0.477765772633 0.9 0.0 0.332710466206 0.723001780117 0.495433016324 0.15 1.0
0.0 0.654761904762 0.9 0.0 0.338124853869 0.598766938273 0.552385173914 0.15 0.0
0.0 0.553571429 0.9 0.0 0.338124853869 0.598766938273 0.552385173914 0.15 1.0
0.0 0.279806323042 0.9 0.0 0.693738057476 0.503733680636 0.2639916796 0.15 1.0
0.0 0.622232950026 0.9 0.0 0.738204789153 0.350667671413 0.312037929964 0.15 1.0
0.0 0.464316082786 0.9 0.0 0.274709005634 0.265461035316 0.503794460645 0.15 1.0
0.0 0.326705838735 0.9 0.0 0.497879922133 0.648956771022 0.583358554834 0.15 1.0
0.0 0.386904761905 0.9 0.0 0.298702407259 0.731986245352 0.756579788021 0.15 1.0
0.0 0.574500555411 0.9 0.0 0.691275895588 0.279182539316 0.285101076114 0.15 1.0
0.0 0.560176169294 0.9 0.0 0.683502683043 0.489034432285 0.53000759874 0.15 1.0
0.0 0.638777208592 0.9 0.0 0.415880524698 0.349626267042 0.530416882155 0.15 1.0
0.0 0.675032126144 0.9 0.0 0.312136188854 0.729735854682 0.735880902981 0.15 1.0
0.0 0.314496612729 0.9 0.0 0.507897644191 0.301084066505 0.446710456057 0.15 1.0
0.0 0.553571429 0.9 0.0 0.507897644191 0.301084066505 0.446710456057 0.15 1.0
0.0 0.651963805498 0.9 0.0 0.273292641992 0.3502179118 0.614449000065 0.15 0.0
0.0 0.553571429 0.9 0.0 0.273292641992 0.3502179118 0.614449000065 0.15 1.0
0.0 0.475058447359 0.9 0.0 0.647716828681 0.728477004108 0.554518928091 0.15 1.0
0.0 0.395067211469 0.9 0.0 0.511573919868 0.523205328827 0.52449808803 0.15 1.0
0.0 0.327380952381 0.9 0.0 0.693508989359 0.5 0.588109267137 0.85 0.0
0.0 0.434555810647 0.9 0.0 0.802701843098 0.497310048 0.555333763727 0.15 1.0
0.0 0.425879772151 0.9 0.0 0.392405126412 0.527381910581 0.594766709536 0.15 1.0
0.0 0.713200824421 0.9 0.0 0.718666625535 0.358355650327 0.641553944998 0.15 0.0
0.0 0.553571429 0.9 0.0 0.718666625535 0.358355650327 0.641553944998 0.15 1.0
0.0 0.553571429 0.9 0.0 0.718666625535 0.641644349673 0.641553944998 0.15 1.0
0.0 0.422128244413 0.9 0.0 0.447506164953 0.370463831842 0.53822570306 0.15 1.0
0.0 0.375143410052 0.9 0.0 0.536528642426 0.493972848826 0.290067625653 0.15 1.0
0.0 0.363058493603 0.9 0.0 0.483777633925 0.643676812576 0.340250993425 0.15 1.0
0.0 0.399083124221 0.9 0.0 0.536692316055 0.706651251112 0.410446695393 0.15 1.0
0.0 0.517884957114 0.9 0.0 0.679306368766 0.431339776178 0.678327076999 0.15 1.0
0.0 0.600181307952 0.9 0.0 0.62329543288 0.374745363281 0.245799831446 0.15 1.0
0.0 0.443413011976 0.9 0.0 0.408421746333 0.279137094234 0.263436281581 0.15 1.0
0.0 0.33653316948 0.9 0.0 0.757774705016 0.42364074846 0.609821367808 0.85 0.0
0.0 0.514174936606 0.9 0.0 0.64993998718 0.478809534346 0.609043181026 0.15 1.0
0.0 0.613119434366 0.9 0.0 0.690559912136 0.600070070824 0.769294137878 0.15 1.0
0.0 0.540834954853 0.9 0.0 0.303512875408 0.43378619293 0.293431336645 0.15 1.0
0.0 0.244486463919 0.9 0.0 0.692340954342 0.280307546582 0.64288039399 0.15 1.0
0.0 0.395549398727 0.9 0.0 0.730700008988 0.76273784699 0.344053739707 0.15 1.0
0.0 0.592678947279 0.9 0.0 0.632111118637 0.248325919042 0.707883570801 0.15 1.0
0.0 0.441930733492 0.9 0.0 0.423239678721 0.416148143671 0.511595836322 0.15 1.0
0.0 0.377895987256 0.9 0.0 0.402397432468 0.417610767848 0.569604528299 0.15 1.0
0.0 0.478714885077 0.9 0.0 0.303512875408 0.565517192461 0.503879783426 0.15 1.0
0.0 0.553571429 0.9 0.0 0.617805954548 0.684233444118 0.248316050576 0.15 1.0
0.0 0.660918730014 0.9 0.0 0.350845774262 0.666716205124 0.283783912278 0.15 0.0
0.0 0.553571429 0.9 0.0 0.350845774262 0.666716205124 0.283783912278 0.15 1.0
0.0 0.227624280442 0.9 0.0 0.303512875408 0.569623666468 0.285013398773 0.15 1.0
0.0 0.332902363636 0.9 0.0 0.696487124592 0.556492477413 0.554387410654 0.15 1.0
0.0 0.539840892231 0.9 0.0 0.586747078835 0.793164195995 0.634110885137 0.15 1.0
0.0 0.308737704972 0.9 0.0 0.39450425022 0.639378692953 0.579007055601 0.15 1.0
0.0 0.553571429 0.9 0.0 0.212813306658 0.362234646547 0.533681910698 0.15 1.0
0.0 0.326268455102 0.9 0.0 0.563932039825 0.727304368904 0.563843809327 0.15 1.0
0.0 0.527875150914 0.9 0.0 0.367468889854 0.555704240248 0.646614618582 0.15 1.0
0.0 0.305954048283 0.9 0.0 0.615993122676 0.73128547638 0.506519017515 0.15 1.0
0.0 0.424414867167 0.9 0.0 0.521240321209 0.374201110672 0.442498876908 0.15 1.0
0.0 0.185979237508 0.9 0.0 0.677544600868 0.524448846352 0.493006513175 0.15 1.0
0.0 0.337426656429 0.9 0.0 0.31124778642 0.447417534167 0.289417582483 0.15 1.0
0.0 0.553571429 0.9 0.0 0.318080591081 0.307103660058 0.821145979243 0.15 1.0
0.0 0.43809650997 0.9 0.0 0.211655096521 0.732520806883 0.467193916774 0.15 1.0
0.0 0.575751043448 0.9 0.0 0.359276980498 0.704065871343 0.204632764865 0.15 1.0
0.0 0.600008869387 0.9 0.0 0.413470770752 0.340254577889 0.583257663398 0.15 1.0
0.0 0.246382035195 0.9 0.0 0.20620551904 0.44662046217 0.435898191467 0.15 1.0
0.0 0.553571429 0.9 0.0 0.427935677531 0.601035695699 0.383814089536 0.15 1.0
0.0 0.553571429 0.9 0.0 0.509436095437 0.331196565309 0.512353838389 0.15 1.0
0.0 0.487569800647 0.9 0.0 0.5 0.686069184992 0.535714285714 0.15 1.0
0.0 0.553571429 0.9 0.0 0.5 0.313930815008 0.535714285714 0.15 1.0
0.0 0.553571429 0.9 1.0 0.5 0.313930815008 0.535714285714 0.15 0.0
0.0 0.553571429 0.9 0.0 0.5 0.313930815008 0.535714285714 0.15 1.0
0.0 0.247978333559 0.9 0.0 0.445638577445 0.463353294734 0.350323190565 0.15 1.0
0.0 0.542497332831 0.9 0.0 0.529297700907 0.760863130547 0.288505780205 0.15 1.0
0.0 0.214763687924 0.9 0.0 0.777935988959 0.596021641865 0.578397711184 0.15 1.0
0.0 0.600008869387 0.9 0.0 0.531765440124 0.266771172927 0.445017035261 0.15 1.0
0.0 0.474670678829 0.9 0.0 0.572678571056 0.218531907547 0.483585021765 0.15 1.0
0.0 0.700673120305 0.9 0.0 0.572678571056 0.726468570105 0.483585021765 0.15 0.0
0.0 0.553571429 0.9 0.0 0.572678571056 0.726468570105 0.483585021765 0.15 1.0
0.0 0.571531191061 0.9 0.0 0.682904010479 0.495687062206 0.656545563349 0.15 0.0
0.0 0.553571429 0.9 0.0 0.682904010479 0.495687062206 0.656545563349 0.15 1.0
0.0 0.238739498265 0.9 0.0 0.635199544168 0.699430226191 0.575113320815 0.15 1.0
0.0 0.272228057846 0.9 0.0 0.5 0.44240477399 0.279761904762 0.15 1.0
0.0 0.592280583536 0.9 0.0 0.613759475092 0.697967433807 0.17910666158 0.15 1.0
0.0 0.576464598601 0.9 0.0 0.612350052386 0.710119534305 0.429379579667 0.15 1.0
0.0 0.576464598601 0.9 0.0 0.519418974692 0.317145285122 0.418284593861 0.15 1.0
0.0 0.600772212278 0.9 0.0 0.362234646547 0.256424526992 0.677237690866 0.15 1.0
0.0 0.48446627884 0.9 0.0 0.5 0.796864610425 0.589285714286 0.15 1.0
0.0 0.48446627884 0.9 1.0 0.5 0.203135389575 0.589285714286 0.15 0.0
0.0 0.616017204478 0.9 0.0 0.678433575939 0.593312269343 0.581464422377 0.15 1.0
0.0 0.631458087111 0.9 0.0 0.678433575939 0.593312269343 0.581464422377 0.15 0.0
0.0 0.553571429 0.9 0.0 0.678433575939 0.593312269343 0.581464422377 0.15 1.0
0.0 0.553571429 0.9 0.0 0.678433575939 0.593312269343 0.581464422377 0.15 1.0
0.0 0.550297552881 0.9 0.0 0.507145918157 0.540218847101 0.297789080953 0.15 1.0
0.0 0.553571429 0.9 0.0 0.414957859629 0.593390866631 0.398672669382 0.15 1.0
0.0 0.472368683256 0.9 0.0 0.475864656212 0.717878426577 0.622495785828 0.15 1.0
0.0 0.439366934899 0.9 0.0 0.579126938052 0.36251372631 0.569887442678 0.15 1.0
0.0 0.345848194994 0.9 0.0 0.376067474633 0.326193728741 0.71990030352 0.15 1.0
0.0 0.394515585955 0.9 0.0 0.236335288277 0.307613740483 0.531398111606 0.15 1.0
0.0 0.553571429 0.9 0.0 0.53549912076 0.349586091166 0.512297721298 0.15 1.0
0.0 0.47619047619 0.9 0.0 0.266820559354 0.339011996168 0.629770421634 0.15 1.0
0.0 0.473864503092 0.9 0.0 0.330422830115 0.5276836899 0.782674247308 0.15 1.0
0.0 0.506971957487 0.9 0.0 0.622968311667 0.485719805155 0.549370573268 0.15 1.0
0.0 0.419305669266 0.9 0.0 0.235631694434 0.42125544633 0.462003553271 0.15 1.0
0.0 0.425001302489 0.9 0.0 0.754300273175 0.66153543223 0.321991275068 0.15 1.0
0.0 0.431217726139 0.9 0.0 0.576945655803 0.4314915201 0.411816670036 0.15 1.0
0.0 0.58637858814 0.9 0.0 0.317022710326 0.52325421026 0.50478916698 0.15 0.0
0.0 0.553571429 0.9 0.0 0.317022710326 0.52325421026 0.50478916698 0.15 1.0
0.0 0.592678947279 0.9 0.0 0.355423280596 0.561287580424 0.371292745872 0.15 1.0
0.0 0.553571429 0.9 0.0 0.611088355557 0.324312747817 0.559889208219 0.15 1.0
0.0 0.600033506 0.9 0.0 0.534684220785 0.577874462292 0.39781650824 0.15 1.0
0.0 0.602443813072 0.9 0.0 0.333733108825 0.728683794586 0.614449000065 0.15 1.0
0.0 0.692483246992 0.9 0.0 0.333733108825 0.271316205414 0.614449000065 0.15 0.0
0.0 0.553571429 0.9 0.0 0.333733108825 0.271316205414 0.614449000065 0.15 1.0
0.0 0.553571429 0.9 0.0 0.333733108825 0.271316205414 0.614449000065 0.15 1.0
0.0 0.595064463023 0.9 0.0 0.403643152649 0.591708063061 0.356249161373 0.15 1.0
0.0 0.270912841766 0.9 0.0 0.566790546622 0.363490650119 0.602959260587 0.15 1.0
0.0 0.222112616212 0.9 0.0 0.368543446005 0.294251361365 0.699745600026 0.15 1.0
0.0 0.617052795883 0.9 0.0 0.375075845488 0.368616979357 0.477617337435 0.15 1.0
0.0 0.509457292657 0.9 0.0 0.610671049561 0.769562851304 0.381518953372 0.15 1.0
0.0 0.553571429 0.9 0.0 0.273910701819 0.334900764146 0.48707313593 0.15 1.0
0.0 0.387884206037 0.9 0.0 0.277812412637 0.568413150865 0.701820029325 0.15 1.0
0.0 0.623856263792 0.9 0.0 0.5054974705 0.253573462349 0.422749853384 0.15 1.0
0.0 0.356025474744 0.9 0.0 0.310365275698 0.566609653539 0.495692430728 0.15 1.0
0.0 0.268269011548 0.9 0.0 0.720082134064 0.2980751411 0.506660596477 0.15 1.0
0.0 0.239333171988 0.9 0.0 0.481790287088 0.479200127591 0.453898035754 0.15 1.0
0.0 0.574398375201 0.9 0.0 0.348956903617 0.349322656539 0.719710235896 0.15 1.0
0.0 0.373095871633 0.9 0.0 0.739732557501 0.247414906846 0.419305669266 0.15 1.0
0.0 0.464771420726 0.9 0.0 0.468889467221 0.588561371439 0.504817563856 0.15 1.0
0.0 0.628811642992 0.9 0.0 0.468889467221 0.411438628561 0.504817563856 0.15 0.0
0.0 0.553571429 0.9 0.0 0.468889467221 0.411438628561 0.504817563856 0.15 1.0
0.0 0.553571429 0.9 0.0 0.468889467221 0.411438628561 0.504817563856 0.15 1.0
0.0 0.553571429 0.9 0.0 0.693707514785 0.667984086604 0.638613554245 0.15 1.0
0.0 0.553571429 0.9 0.0 0.703499544802 0.662066338434 0.331489035004 0.15 1.0
0.0 0.56733701526 0.9 0.0 0.299779194772 0.704158804168 0.727049362415 0.15 1.0
0.0 0.472129000854 0.9 0.0 0.531409427711 0.609233277016 0.498911588964 0.15 1.0
0.0 0.595634810467 0.9 0.0 0.413947464569 0.369088753108 0.304576270206 0.15 1.0
0.0 0.275519367123 0.9 0.0 0.295176789365 0.744823841773 0.638987569409 0.15 1.0
0.0 0.553571429 0.9 0.0 0.295176789365 0.273531429895 0.638987569409 0.15 1.0
0.0 0.553571429 0.9 0.0 0.403388002123 0.399929929176 0.465681032869 0.15 1.0
0.0 0.553571429 0.9 0.0 0.369173702231 0.692677644783 0.464953456496 0.15 1.0
0.0 0.236105568814 0.9 0.0 0.509525876584 0.327267435355 0.50640573127 0.15 1.0
0.0 0.553571429 0.9 0.0 0.509525876584 0.327267435355 0.50640573127 0.15 1.0
0.0 0.585348199642 0.9 0.0 0.72052613601 0.240049913491 0.582879191358 0.15 1.0
0.0 0.174978310363 0.9 0.0 0.802421153002 0.638673976009 0.536525471536 0.15 1.0
0.0 0.554518928091 0.9 0.0 0.544785178626 0.78093613576 0.516102389124 0.15 1.0
0.0 0.39781650824 0.9 0.0 0.279655658439 0.435917282512 0.367193050438 0.15 1.0
0.0 0.467858350235 0.9 0.0 0.496573157121 0.660480549807 0.315516958296 0.15 1.0
0.0 0.50640573127 0.9 0.0 0.379566364234 0.509525876584 0.330898837832 0.15 1.0
0.0 0.295145720407 0.9 0.0 0.518635246281 0.467551644802 0.28087088172 0.15 1.0
0.0 0.356584494071 0.9 0.0 0.79563178051 0.30129899358 0.524277827663 0.15 1.0
0.0 0.377146798723 0.9 0.0 0.560522521105 0.454736690646 0.353032858545 0.15 1.0
0.0 0.664001612976 0.9 0.0 0.302315874126 0.420708754092 0.760636957746 0.15 0.0
0.0 0.553571429 0.9 0.0 0.302315874126 0.420708754092 0.760636957746 0.15 1.0
0.0 0.474670678829 0.9 0.0 0.316950216797 0.218531907547 0.272951805382 0.15 1.0
0.0 0.257649222198 0.9 0.0 0.786004151418 0.637233443885 0.397713673582 0.15 1.0
0.0 0.647724408614 0.9 0.0 0.307825813202 0.707476761498 0.369265340524 0.15 1.0
0.0 0.212580673266 0.9 0.0 0.593735935622 0.591857778888 0.450206676953 0.15 1.0
0.0 0.553571429 0.9 0.0 0.211907289154 0.358911421918 0.480490421178 0.15 1.0
0.0 0.416666666667 0.9 0.0 0.483528774232 0.5 0.423795164806 0.15 1.0
0.0 0.542416991373 0.9 0.0 0.480628664111 0.568386716463 0.573503655281 0.15 1.0
0.0 0.617297834205 0.9 0.0 0.480628664111 0.431613283537 0.573503655281 0.15 0.0
0.0 0.553571429 0.9 0.0 0.480628664111 0.431613283537 0.573503655281 0.15 1.0
0.0 0.553571429 0.9 0.0 0.274552792618 0.544994881156 0.427567661846 0.15 1.0
0.0 0.424414867167 0.9 0.0 0.367418037797 0.625798889328 0.563921630234 0.15 1.0
0.0 0.462460701991 0.9 0.0 0.477820499056 0.40005114055 0.41877890467 0.15 1.0
0.0 0.413914890217 0.9 0.0 0.418663660604 0.411552577621 0.440001064735 0.15 1.0
0.0 0.248123107459 0.9 0.0 0.514556860673 0.57408065905 0.495086959998 0.15 1.0
0.0 0.553571429 0.9 0.0 0.514556860673 0.42591934095 0.495086959998 0.15 1.0
0.0 0.41996340108 0.9 0.0 0.678433575939 0.240330064748 0.581464422377 0.15 1.0
0.0 0.378145465899 0.9 0.0 0.690073781726 0.754179005527 0.537767344006 0.15 1.0
0.0 0.473954132297 0.9 0.0 0.362362178487 0.344537055461 0.404660433895 0.15 1.0
0.0 0.491760644398 0.9 0.0 0.770221280848 0.566609653539 0.373599564204 0.15 1.0
0.0 0.619431543775 0.9 0.0 0.727597657371 0.59069956875 0.627495814053 0.15 1.0
0.0 0.696450295157 0.9 0.0 0.675930850136 0.337185932416 0.239925863888 0.15 0.0
0.0 0.553571429 0.9 0.0 0.675930850136 0.337185932416 0.239925863888 0.15 1.0
0.0 0.382826702339 0.9 0.0 0.686616913022 0.745047652035 0.521213895692 0.15 1.0
0.0 0.551778055899 0.9 0.0 0.662066338434 0.777973879936 0.433338464672 0.15 1.0
0.0 0.591483186015 0.9 0.0 0.579668344263 0.567896362428 0.451294850772 0.15 1.0
0.0 0.3935833719 0.9 0.0 0.206835804005 0.444349215985 0.539840892231 0.15 1.0
0.0 0.472009123205 0.9 0.0 0.5 0.772473953367 0.196428571429 0.15 1.0
0.0 0.700673120305 0.9 0.0 0.5 0.726468570105 0.196428571429 0.15 0.0
0.0 0.553571429 0.9 0.0 0.5 0.726468570105 0.196428571429 0.15 1.0
0.0 0.169688877039 0.9 0.0 0.760062828807 0.437461554114 0.550641532791 0.15 1.0
0.0 0.571120620983 0.9 0.0 0.390922401356 0.565474221803 0.458824042826 0.15 1.0
0.0 0.693817509097 0.9 0.0 0.371597021759 0.294443139922 0.256754621849 0.15 0.0
0.0 0.553571429 0.9 0.0 0.371597021759 0.294443139922 0.256754621849 0.15 1.0
0.0 0.282418303069 0.9 0.0 0.626863458124 0.432414375429 0.248653457416 0.15 1.0
0.0 0.480460872001 0.9 0.0 0.340702343263 0.470121847287 0.76192487107 0.15 1.0
0.0 0.617317480676 0.9 0.0 0.503248845629 0.650469037783 0.33932436448 0.15 1.0
0.0 0.262323059039 0.9 0.0 0.720992139595 0.350730379816 0.612611144643 0.15 1.0
0.0 0.576337231739 0.9 0.0 0.614231354778 0.333872133638 0.636975062348 0.15 1.0
0.0 0.238937498899 0.9 0.0 0.373392606451 0.294686826855 0.445801657499 0.15 1.0
0.0 0.476220237351 0.9 0.0 0.508774476676 0.497498331616 0.220446886467 0.15 1.0
0.0 0.388547752508 0.9 0.0 0.411799957325 0.721421747376 0.553255298655 0.15 1.0
0.0 0.690076826068 0.9 0.0 0.411799957325 0.278578252624 0.553255298655 0.15 0.0
0.0 0.553571429 0.9 0.0 0.411799957325 0.278578252624 0.553255298655 0.15 1.0
0.0 0.574398375201 0.9 0.0 0.369681303343 0.257703094278 0.718188141548 0.15 1.0
0.0 0.549238042645 0.9 0.0 0.215590111841 0.576970640841 0.418910644176 0.15 1.0
0.0 0.303613344668 0.9 0.0 0.574477202676 0.503523361075 0.428862500284 0.15 1.0
0.0 0.329084052969 0.9 0.0 0.463054796056 0.672955338564 0.609116171366 0.15 1.0
0.0 0.289417582483 0.9 0.0 0.421089364139 0.704222035603 0.475773663588 0.15 1.0
0.0 0.553571429 0.9 0.0 0.690670145738 0.671155188467 0.786125376532 0.15 1.0
0.0 0.566717301371 0.9 0.0 0.635199544168 0.264973580978 0.575113320815 0.15 1.0
0.0 0.502342180874 0.9 0.0 0.297828054586 0.459077876717 0.251437293324 0.15 1.0
0.0 0.586504142329 0.9 0.0 0.333391028121 0.620712849017 0.410848030201 0.15 1.0
0.0 0.496470017947 0.9 0.0 0.323890155014 0.581259061235 0.294803411804 0.15 1.0
0.0 0.315516958296 0.9 0.0 0.2580688472 0.44120577732 0.300331308424 0.15 1.0
0.0 0.437332862604 0.9 0.0 0.303512875408 0.220624925731 0.697492354465 0.15 1.0
0.0 0.553571429 0.9 0.0 0.338492961276 0.652639827942 0.454763139694 0.15 1.0
0.0 0.383814089536 0.9 0.0 0.303512875408 0.526702615804 0.697492354465 0.15 1.0
0.0 0.553571429 0.9 0.0 0.472036158843 0.325790870511 0.467948896527 0.15 1.0
0.0 0.573912813443 0.9 0.0 0.333056569528 0.439233617107 0.631164935867 0.15 1.0
0.0 0.612841762328 0.9 0.0 0.333056569528 0.439233617107 0.631164935867 0.15 0.0
0.0 0.553571429 0.9 0.0 0.333056569528 0.439233617107 0.631164935867 0.15 1.0
0.0 0.553571429 0.9 0.0 0.333056569528 0.439233617107 0.631164935867 0.15 1.0
0.0 0.287156045674 0.9 0.0 0.67769217506 0.740786432441 0.273493740329 0.15 1.0
0.0 0.659099564041 0.9 0.0 0.370436031512 0.720883157945 0.470117832846 0.15 1.0
0.0 0.190990872455 0.9 0.0 0.65377341283 0.485582797952 0.376396477302 0.15 1.0
0.0 0.553571429 0.9 0.0 0.624028115445 0.342219194523 0.544128831481 0.15 1.0
0.0 0.552411557898 0.9 0.0 0.272174288748 0.787894543611 0.453650623174 0.15 1.0
0.0 0.553571429 0.9 0.0 0.540710349763 0.582276692719 0.285101076114 0.15 1.0
0.0 0.405978025505 0.9 0.0 0.243535100697 0.74901728535 0.465893072172 0.15 1.0
0.0 0.453434049455 0.9 0.0 0.396976034466 0.30719165695 0.44605250653 0.15 1.0
0.0 0.376753914832 0.9 0.0 0.355129992129 0.521049299223 0.435674686917 0.15 1.0
0.0 0.53822570306 0.9 0.0 0.348776184763 0.727001530198 0.582677256137 0.15 1.0
0.0 0.400210202085 0.9 0.0 0.752046503723 0.622406465542 0.282241756921 0.15 1.0
0.0 0.342405891507 0.9 0.0 0.305147984001 0.238904580591 0.524938382758 0.15 1.0
0.0 0.73116410595 0.9 0.0 0.254784313616 0.696487124592 0.511595836322 0.15 0.0
0.0 0.553571429 0.9 0.0 0.254784313616 0.696487124592 0.511595836322 0.15 1.0
0.0 0.481523726459 0.9 0.0 0.582946621153 0.721072828248 0.264961693245 0.15 1.0
0.0 0.508441754434 0.9 0.0 0.72507072132 0.311904866518 0.39781650824 0.15 1.0
0.0 0.533681910698 0.9 0.0 0.608348227016 0.527431751237 0.490831834489 0.15 1.0
0.0 0.347673709141 0.9 0.0 0.676777333202 0.728157332448 0.201829332665 0.15 1.0
0.0 0.36324218807 0.9 0.0 0.441615676206 0.395057151732 0.627377154999 0.15 1.0
0.0 0.379390986082 0.9 0.0 0.560321657899 0.324663624413 0.628776132121 0.15 1.0
0.0 0.39781650824 0.9 0.0 0.272584553214 0.534684220785 0.597738678514 0.15 1.0
0.0 0.553571429 0.9 0.0 0.272584553214 0.465315779215 0.597738678514 0.15 1.0
0.0 0.553571429 0.9 0.0 0.435121634927 0.536646705266 0.182709329896 0.15 1.0
0.0 0.338937715754 0.9 0.0 0.634490834514 0.228835852346 0.241305020659 0.15 1.0
0.0 0.409341452885 0.9 0.0 0.487115775501 0.437345355713 0.459099883885 0.15 1.0
0.0 0.499140887379 0.9 0.0 0.314228111572 0.330820362319 0.470748936829 0.15 1.0
0.0 0.419206940173 0.9 0.0 0.600377485833 0.544499975417 0.521075535557 0.15 1.0
0.0 0.558400281234 0.9 0.0 0.521150749005 0.735503415045 0.585851016337 0.15 1.0
0.0 0.192416082189 0.9 0.0 0.27947386399 0.613854925364 0.582879191358 0.15 1.0
0.0 0.404660433895 0.9 0.0 0.688419755069 0.75533642767 0.664227816647 0.15 1.0
0.0 0.553571429 0.9 0.0 0.629462587225 0.695290123309 0.326149094079 0.15 1.0
0.0 0.600476820774 0.9 0.0 0.732391059201 0.72287793103 0.616667629834 0.15 1.0
0.0 0.255999619096 0.9 0.0 0.681301785187 0.264043053546 0.644181326968 0.15 1.0
0.0 0.447179951927 0.9 0.0 0.73394069916 0.447006005802 0.64288039399 0.15 1.0
0.0 0.557143905096 0.9 0.0 0.744532771309 0.457959806382 0.498395356185 0.15 1.0
0.0 0.594965225657 0.9 0.0 0.706104506357 0.766718502845 0.538037005701 0.15 1.0
0.0 0.675366696224 0.9 0.0 0.691854780426 0.584050755299 0.790245545425 0.15 0.0
0.0 0.553571429 0.9 0.0 0.691854780426 0.584050755299 0.790245545425 0.15 1.0
0.0 0.620989189806 0.9 0.0 0.719167977925 0.426506528969 0.252869032186 0.15 0.0
0.0 0.553571429 0.9 0.0 0.719167977925 0.426506528969 0.252869032186 0.15 1.0
0.0 0.396924593637 0.9 0.0 0.682243845074 0.278984380801 0.694601707602 0.15 1.0
0.0 0.553571429 0.9 0.0 0.410610236963 0.330174404798 0.357477560943 0.15 1.0
0.0 0.553571429 0.9 0.0 0.39409815674 0.308566232003 0.475058447359 0.15 1.0
0.0 0.191390590724 0.9 0.0 0.241881175288 0.480793578508 0.623092793738 0.15 1.0
0.0 0.506660596477 0.9 0.0 0.430024964133 0.378684804209 0.463100107098 0.15 1.0
0.0 0.257461061925 0.9 0.0 0.348067307764 0.328725779699 0.736274521271 0.15 1.0
0.0 0.553571429 0.9 0.0 0.643775578926 0.359149421464 0.625571209311 0.15 1.0
0.0 0.59585786604 0.9 0.0 0.426770454578 0.257595815049 0.33477995517 0.15 1.0
0.0 0.338937715754 0.9 0.0 0.700775421867 0.539177902302 0.617630167368 0.85 0.0
0.0 0.603768506898 0.9 0.0 0.548276506551 0.238691982233 0.408603338385 0.15 1.0
0.0 0.57778783393 0.9 0.0 0.623808553536 0.740535912883 0.733203634719 0.15 1.0
0.0 0.189845970127 0.9 0.0 0.476614429723 0.390475483096 0.263575206666 0.15 1.0
0.0 0.436600049053 0.9 0.0 0.778108034098 0.692696881628 0.47191919901 0.15 1.0
0.0 0.256141297841 0.9 0.0 0.421934806988 0.492060597308 0.462613005056 0.15 1.0
0.0 0.619551479326 0.9 0.0 0.704384768783 0.601558609863 0.681055123788 0.15 1.0
0.0 0.313228039413 0.9 0.0 0.708391235879 0.725784825499 0.677348920987 0.15 1.0
0.0 0.468552181903 0.9 0.0 0.714076056701 0.280183060685 0.480106168198 0.15 1.0
0.0 0.315639238816 0.9 0.0 0.611729185994 0.50685240029 0.349529919143 0.15 1.0
0.0 0.219035043361 0.9 0.0 0.276205388498 0.614023280101 0.499140887379 0.15 1.0
0.0 0.505129844234 0.9 0.0 0.263821267099 0.347602422119 0.520327873451 0.15 1.0
0.0 0.568574767503 0.9 0.0 0.321255077633 0.570218612259 0.653134736079 0.15 1.0
0.0 0.36103321551 0.9 0.0 0.434062858758 0.575589234797 0.269365192883 0.15 1.0
0.0 0.566200445012 0.9 0.0 0.261708153023 0.451895098149 0.589510768569 0.15 1.0
0.0 0.345276249958 0.9 0.0 0.513509834918 0.657780805477 0.322071602706 0.15 1.0
0.0 0.469124729859 0.9 0.0 0.65377341283 0.263962688891 0.500257501389 0.15 1.0
0.0 0.56612288293 0.9 0.0 0.576015640842 0.2571434192 0.617052795883 0.15 1.0
0.0 0.457719359369 0.9 0.0 0.350898980382 0.242668082446 0.708076356119 0.15 1.0
0.0 0.66216694931 0.9 0.0 0.399265800753 0.345493743636 0.230322156925 0.15 0.0
0.0 0.553571429 0.9 0.0 0.399265800753 0.345493743636 0.230322156925 0.15 1.0
0.0 0.541666666667 0.9 0.0 0.236561918974 0.417367800773 0.422128244413 0.15 1.0
0.0 0.553571429 0.9 0.0 0.42812931153 0.351903591117 0.427146178426 0.15 1.0
0.0 0.553571429 0.9 0.0 0.348898451473 0.399929929176 0.604136046775 0.15 1.0
0.0 0.354044982857 0.9 0.0 0.352896344545 0.406560285341 0.675032126144 0.15 1.0
0.0 0.447211237811 0.9 0.0 0.275205308554 0.352166972917 0.626498491041 0.15 1.0
0.0 0.44060282255 0.9 0.0 0.630754249625 0.627897233963 0.512942767013 0.15 1.0
0.0 0.522043429421 0.9 0.0 0.508698238624 0.434205246436 0.565890143986 0.15 1.0
0.0 0.252344702138 0.9 0.0 0.312489668205 0.594448683486 0.702229972322 0.15 1.0
0.0 0.452659902152 0.9 0.0 0.397836458806 0.331196565309 0.555465096643 0.15 1.0
0.0 0.237151530961 0.9 0.0 0.771328412356 0.542003392327 0.352244148019 0.15 1.0
0.0 0.574500555411 0.9 0.0 0.344828975022 0.279182539316 0.188178283347 0.15 1.0
0.0 0.553571429 0.9 0.0 0.531957623821 0.620027856328 0.535091695342 0.15 1.0
0.0 0.553571429 0.9 0.0 0.531957623821 0.620027856328 0.535091695342 0.15 1.0
0.0 0.517968392598 0.9 0.0 0.320858304405 0.396557434659 0.488503597498 0.15 1.0
0.0 0.348318535535 0.9 0.0 0.592688003198 0.296753029748 0.653616368199 0.15 1.0
0.0 0.570247347582 0.9 0.0 0.291318874126 0.34030822901 0.226498220802 0.15 1.0
0.0 0.561531074622 0.9 0.0 0.677032267057 0.550670808599 0.531098448615 0.15 1.0
0.0 0.378145465899 0.9 0.0 0.539915880035 0.754179005527 0.405471651192 0.15 1.0
0.0 0.454670512382 0.9 0.0 0.437715710997 0.205593028177 0.60567767882 0.15 1.0
0.0 0.454670512382 0.9 1.0 0.437715710997 0.205593028177 0.60567767882 0.15 0.0
0.0 0.553571429 0.9 0.0 0.591544276324 0.649898792519 0.563013167173 0.15 1.0
0.0 0.294417975876 0.9 0.0 0.288493095295 0.471123114805 0.652583931262 0.15 1.0
0.0 0.553571429 0.9 0.0 0.288493095295 0.471123114805 0.652583931262 0.15 1.0
0.0 0.409777127201 0.9 0.0 0.620788225687 0.448959765832 0.714306972518 0.15 1.0
0.0 0.500114458283 0.9 0.0 0.515615636843 0.504810468149 0.358072010175 0.15 1.0
0.0 0.379426526644 0.9 0.0 0.471593958372 0.55114111125 0.563921630234 0.15 1.0
0.0 0.346799876265 0.9 0.0 0.624750542341 0.384006877324 0.565502069904 0.15 1.0
0.0 0.54402197095 0.9 0.0 0.741353248591 0.675819131547 0.612417417556 0.15 1.0
0.0 0.607142857143 0.9 0.0 0.516653702159 0.5 0.328371916023 0.15 0.0
0.0 0.553571429 0.9 0.0 0.516653702159 0.5 0.328371916023 0.15 1.0
0.0 0.615824375297 0.9 0.0 0.572915255164 0.260312252667 0.378109833758 0.15 1.0
0.0 0.647400885849 0.9 0.0 0.327044661436 0.295268328027 0.777215724987 0.15 1.0
0.0 0.451015233039 0.9 0.0 0.624616436122 0.625341112754 0.653387057024 0.15 1.0
0.0 0.348318535535 0.9 0.0 0.526702615804 0.310272721068 0.551434659063 0.15 1.0
0.0 0.678267288568 0.9 0.0 0.526702615804 0.689727278932 0.551434659063 0.15 0.0
0.0 0.553571429 0.9 0.0 0.526702615804 0.689727278932 0.551434659063 0.15 1.0
0.0 0.553571429 0.9 0.0 0.526702615804 0.689727278932 0.551434659063 0.15 1.0
0.0 0.458609408715 0.9 0.0 0.319527833822 0.507734911012 0.53889918042 0.15 1.0
0.0 0.659895971923 0.9 0.0 0.276760354323 0.296753029748 0.630219785816 0.15 1.0
0.0 0.621922205695 0.9 0.0 0.67557159099 0.69080230377 0.636998494376 0.15 1.0
0.0 0.640854883948 0.9 0.0 0.743006117648 0.3229318501 0.313514816643 0.15 1.0
0.0 0.493787508392 0.9 0.0 0.252935261751 0.373136541876 0.572684612908 0.15 1.0
0.0 0.553571429 0.9 0.0 0.588601579599 0.659602005951 0.636154483319 0.15 1.0
0.0 0.296980803691 0.9 0.0 0.682341360242 0.583889836469 0.551249680207 0.15 1.0
0.0 0.553571429 0.9 0.0 0.70735746004 0.334922303119 0.268543347526 0.15 1.0
0.0 0.681365043795 0.9 0.0 0.457821230781 0.314040348791 0.164738034311 0.15 0.0
0.0 0.553571429 0.9 0.0 0.457821230781 0.314040348791 0.164738034311 0.15 1.0
0.0 0.554097981844 0.9 0.0 0.530177047645 0.797780998916 0.474551314474 0.15 1.0
0.0 0.378572852584 0.9 0.0 0.392074246847 0.267415250582 0.706597184971 0.15 1.0
0.0 0.553571429 0.9 0.0 0.345639912788 0.437778934441 0.734823451424 0.15 1.0
0.0 0.48952329719 0.9 0.0 0.271409589201 0.517142007025 0.40719133584 0.15 1.0
0.0 0.650560940937 0.9 0.0 0.400599307093 0.556594412897 0.603940048759 0.15 0.0
0.0 0.553571429 0.9 0.0 0.400599307093 0.556594412897 0.603940048759 0.15 1.0
0.0 0.553571429 0.9 0.0 0.400599307093 0.443405587103 0.603940048759 0.15 1.0
0.0 0.544769633418 0.9 0.0 0.242225294984 0.27968312004 0.540405273822 0.15 1.0
0.0 0.553571429 0.9 0.0 0.582761388566 0.325108847523 0.504021962097 0.15 1.0
0.0 0.398672669382 0.9 0.0 0.218016036925 0.301478975691 0.546581888804 0.15 1.0
0.0 0.458364014894 0.9 0.0 0.743923744491 0.72940721118 0.305244842552 0.15 1.0
0.0 0.629770421634 0.9 0.0 0.528908827888 0.266820559354 0.552094881645 0.15 1.0
0.0 0.553571429 0.9 0.0 0.528908827888 0.726468570105 0.552094881645 0.15 1.0
0.0 0.553571429 0.9 0.0 0.528908827888 0.726468570105 0.552094881645 0.15 1.0
0.0 0.344015484257 0.9 0.0 0.242582178019 0.421539897802 0.596551372078 0.15 1.0
0.0 0.551910084808 0.9 0.0 0.529055752069 0.593132545827 0.240517578822 0.15 1.0
0.0 0.624333034399 0.9 0.0 0.667945694588 0.605239527853 0.694362171604 0.15 1.0
0.0 0.614931881367 0.9 0.0 0.807158174152 0.365844296133 0.500371912091 0.15 1.0
0.0 0.352356901743 0.9 0.0 0.581140447963 0.696487124592 0.609408059588 0.15 1.0
0.0 0.553571429 0.9 0.0 0.581140447963 0.696487124592 0.609408059588 0.15 1.0
0.0 0.553571429 0.9 0.0 0.581140447963 0.696487124592 0.609408059588 0.15 1.0
0.0 0.585901278282 0.9 0.0 0.320009924378 0.645346013341 0.775197334129 0.15 1.0
0.0 0.387779356129 0.9 0.0 0.300879549749 0.717286997 0.280826581692 0.15 1.0
0.0 0.553571429 0.9 0.0 0.526941332503 0.407311996802 0.323995096808 0.15 1.0
0.0 0.562753383966 0.9 0.0 0.700258324001 0.447189687985 0.718632371426 0.15 1.0
0.0 0.384482999585 0.9 0.0 0.288460272522 0.529643246512 0.230930109431 0.15 1.0
0.0 0.553571429 0.9 0.0 0.496619460133 0.30979736164 0.321468788383 0.15 1.0
0.0 0.553571429 0.9 0.0 0.350424338271 0.668051407366 0.716345244118 0.15 1.0
0.0 0.502655704633 0.9 0.0 0.684233444118 0.633145606925 0.740613034879 0.15 1.0
0.0 0.553571429 0.9 0.0 0.515898800476 0.67320488978 0.537038703808 0.15 1.0
0.0 0.327539654331 0.9 0.0 0.666716205124 0.493330242625 0.660918730014 0.15 1.0
0.0 0.636998494376 0.9 0.0 0.647592278227 0.594827497345 0.726211435018 0.15 0.0
0.0 0.553571429 0.9 0.0 0.647592278227 0.594827497345 0.726211435018 0.15 1.0
0.0 0.553571429 0.9 0.0 0.409685434296 0.362766556115 0.50447671598 0.15 1.0
0.0 0.415905543969 0.9 0.0 0.311328306268 0.74201017212 0.689468911143 0.15 1.0
0.0 0.21777510359 0.9 0.0 0.355423280596 0.309765952328 0.207845957565 0.15 1.0
0.0 0.571531191061 0.9 0.0 0.68850551961 0.263700816854 0.672641424675 0.15 1.0
0.0 0.553571429 0.9 0.0 0.611526183562 0.666240254125 0.626427202627 0.15 1.0
0.0 0.553571429 0.9 0.0 0.611526183562 0.666240254125 0.626427202627 0.15 1.0
0.0 0.498395356185 0.9 0.0 0.337418545251 0.351558522126 0.815495146911 0.15 1.0
0.0 0.453650623174 0.9 0.0 0.542178769219 0.727825711252 0.44852368767 0.15 1.0
0.0 0.601657660365 0.9 0.0 0.743744510264 0.402504589162 0.463738810681 0.15 1.0
0.0 0.602664764227 0.9 0.0 0.279655658439 0.391389978239 0.367193050438 0.15 1.0
0.0 0.400585351458 0.9 0.0 0.521513637026 0.543200622741 0.227470942329 0.15 1.0
0.0 0.283343899551 0.9 0.0 0.590911941515 0.466594346501 0.333098309877 0.15 1.0
0.0 0.553571429 0.9 0.0 0.441072492742 0.399929929176 0.646128579297 0.15 1.0
0.0 0.328173898959 0.9 0.0 0.295445505886 0.382517756952 0.664227816647 0.15 1.0
0.0 0.553571429 0.9 0.0 0.295445505886 0.382517756952 0.664227816647 0.15 1.0
0.0 0.651205196003 0.9 0.0 0.309613499466 0.266467096288 0.571428571429 0.15 1.0
0.0 0.553571429 0.9 0.0 0.676515643781 0.669577169885 0.303193996452 0.15 1.0
0.0 0.564621619779 0.9 0.0 0.719167977925 0.260171110129 0.29935861359 0.15 1.0
0.0 0.41976616584 0.9 0.0 0.66134185816 0.692578455518 0.72261988954 0.15 1.0
0.0 0.320341322237 0.9 0.0 0.475669663908 0.737409247874 0.371364998192 0.15 1.0
0.0 0.582121634411 0.9 0.0 0.495095232881 0.717536423814 0.184582160592 0.15 1.0
0.0 0.435930113341 0.9 0.0 0.490906727476 0.667965330031 0.536147043134 0.15 1.0
0.0 0.553571429 0.9 0.0 0.68927253359 0.303512875408 0.756782081522 0.15 1.0
0.0 0.542979176829 0.9 0.0 0.379431012484 0.645232055631 0.317591069883 0.15 1.0
0.0 0.452504946865 0.9 0.0 0.338311227197 0.737197474355 0.305954048283 0.15 1.0
0.0 0.553571429 0.9 0.0 0.311000913253 0.57254489988 0.584165165218 0.15 1.0
0.0 0.553571429 0.9 0.0 0.565196249498 0.620162322952 0.34298138977 0.15 1.0
0.0 0.614931881367 0.9 0.0 0.706389877157 0.402169458516 0.73183061206 0.15 1.0
0.0 0.437109934609 0.9 0.0 0.241825015043 0.292149098436 0.518968767338 0.15 1.0
0.0 0.573810546555 0.9 0.0 0.325530135663 0.538842696817 0.455596113626 0.15 1.0
0.0 0.576464598601 0.9 0.0 0.493178731514 0.682854714878 0.535957746944 0.15 1.0
0.0 0.28928744967 0.9 0.0 0.377031688333 0.759025570477 0.549370573268 0.15 1.0
0.0 0.298680620465 0.9 0.0 0.664682305407 0.517839357628 0.445299624936 0.15 1.0
0.0 0.59647710001 0.9 0.0 0.363362683288 0.573911963744 0.591458252923 0.15 1.0
0.0 0.553571429 0.9 0.0 0.69280834305 0.350424338271 0.453434049455 0.15 1.0
0.0 0.56805930837 0.9 0.0 0.716196915982 0.261944837131 0.522706284378 0.15 1.0
0.0 0.550826679581 0.9 0.0 0.283699233805 0.524492226823 0.41295007075 0.15 1.0
0.0 0.537254681535 0.9 0.0 0.35907225454 0.276183541046 0.68353113289 0.15 1.0
0.0 0.407998657647 0.9 0.0 0.712605120553 0.580494001916 0.403949586583 0.15 1.0
0.0 0.553571429 0.9 0.0 0.262934753528 0.563674675698 0.584668827211 0.15 1.0
0.0 0.553571429 0.9 0.0 0.27712206897 0.414695529935 0.600476820774 0.15 1.0
0.0 0.416831985074 0.9 0.0 0.542937082396 0.446801518898 0.334037672238 0.15 1.0
0.0 0.368648210566 0.9 0.0 0.791329498263 0.412746152424 0.438223682793 0.15 1.0
0.0 0.254769487336 0.9 0.0 0.530856031161 0.5400062939 0.606703614233 0.15 1.0
0.0 0.600441636693 0.9 0.0 0.530856031161 0.4599937061 0.606703614233 0.15 0.0
0.0 0.553571429 0.9 0.0 0.530856031161 0.4599937061 0.606703614233 0.15 1.0
0.0 0.609772755477 0.9 0.0 0.331196565309 0.725447207382 0.681342910631 0.15 1.0
0.0 0.505952380952 0.9 0.0 0.338124853869 0.731986245352 0.552385173914 0.15 1.0
0.0 0.552411557898 0.9 0.0 0.508931031835 0.55590829826 0.214498231574 0.15 1.0
0.0 0.293517225028 0.9 0.0 0.299273024138 0.691382217374 0.377682048691 0.15 1.0
0.0 0.400039590015 0.9 0.0 0.433390346461 0.714760060949 0.559628229226 0.15 1.0
0.0 0.553571429 0.9 0.0 0.433390346461 0.285239939051 0.559628229226 0.15 1.0
0.0 0.370786681225 0.9 0.0 0.676246927261 0.386726065642 0.818409862981 0.15 1.0
0.0 0.553571429 0.9 0.0 0.334827299892 0.622009921916 0.521518182791 0.15 1.0
0.0 0.586504142329 0.9 0.0 0.232719081004 0.611273396335 0.498997585839 0.15 1.0
0.0 0.336960707745 0.9 0.0 0.464881663081 0.657069131022 0.434011539729 0.15 1.0
0.0 0.320341322237 0.9 0.0 0.707126458095 0.262590752126 0.67295463707 0.15 1.0
0.0 0.700673120305 0.9 0.0 0.707126458095 0.726468570105 0.67295463707 0.15 0.0
0.0 0.553571429 0.9 0.0 0.707126458095 0.726468570105 0.67295463707 0.15 1.0
0.0 0.553571429 0.9 0.0 0.707126458095 0.726468570105 0.67295463707 0.15 1.0
0.0 0.664725234923 0.9 0.0 0.385902107561 0.591312141417 0.583736768721 0.15 0.0
0.0 0.553571429 0.9 0.0 0.385902107561 0.591312141417 0.583736768721 0.15 1.0
0.0 0.322914161449 0.9 0.0 0.444548781336 0.305895424109 0.314169594594 0.15 1.0
0.0 0.553571429 0.9 0.0 0.26894204418 0.589290506872 0.522623464955 0.15 1.0
0.0 0.618110964825 0.9 0.0 0.275829185508 0.706488799721 0.452659902152 0.15 1.0
0.0 0.585976664479 0.9 0.0 0.363207004915 0.284077355833 0.361770667304 0.15 1.0
0.0 0.553571429 0.9 0.0 0.517483742833 0.631855968111 0.477647027429 0.15 1.0
0.0 0.553571429 0.9 0.0 0.72253034504 0.662028948631 0.448024064944 0.15 1.0
0.0 0.553571429 0.9 0.0 0.511718383647 0.462262234948 0.262323059039 0.15 1.0
0.0 0.180529274575 0.9 0.0 0.295648323171 0.408499104147 0.550509253739 0.15 1.0
0.0 0.541559407853 0.9 0.0 0.676928095614 0.393081832732 0.797097099392 0.15 1.0
0.0 0.36324218807 0.9 0.0 0.778990522469 0.395057151732 0.543808198206 0.15 1.0
0.0 0.530962192495 0.9 0.0 0.790370569146 0.569623666468 0.47809220019 0.15 1.0
0.0 0.553387037515 0.9 0.0 0.444699511956 0.546777571959 0.423925687237 0.15 1.0
0.0 0.553571429 0.9 0.0 0.697810790425 0.479200127591 0.676458644548 0.15 1.0
0.0 0.512045132634 0.9 0.0 0.688057445145 0.783313322709 0.255763368844 0.15 1.0
0.0 0.426821738958 0.9 0.0 0.30603981146 0.419505998084 0.714370743961 0.15 1.0
0.0 0.315149910115 0.9 0.0 0.717578576329 0.252226970114 0.48075629827 0.15 1.0
0.0 0.491267390133 0.9 0.0 0.409033577829 0.301787556713 0.600624531682 0.15 1.0
0.0 0.356249161373 0.9 0.0 0.373549371826 0.596356847351 0.581666707118 0.15 1.0
0.0 0.59335068097 0.9 0.0 0.643956963833 0.542003392327 0.405978025505 0.15 0.0
0.0 0.553571429 0.9 0.0 0.643956963833 0.542003392327 0.405978025505 0.15 1.0
0.0 0.617317480676 0.9 0.0 0.663523476246 0.349530962217 0.585750481696 0.15 1.0
0.0 0.381978821703 0.9 0.0 0.385600328241 0.541804722385 0.298892611465 0.15 1.0
0.0 0.553571429 0.9 0.0 0.195335183592 0.682672404707 0.483585021765 0.15 1.0
0.0 0.526230011089 0.9 0.0 0.649709552633 0.237475704113 0.673424223553 0.15 1.0
0.0 0.265837218103 0.9 0.0 0.355196741108 0.278850477954 0.599121388468 0.15 1.0
0.0 0.553571429 0.9 0.0 0.355196741108 0.278850477954 0.599121388468 0.15 1.0
0.0 0.554097981844 0.9 0.0 0.459197606393 0.404806749733 0.357514735744 0.15 1.0
0.0 0.548574994896 0.9 0.0 0.33216811451 0.718596802714 0.359702939705 0.15 1.0
0.0 0.45596593694 0.9 0.0 0.218208405343 0.618309493305 0.434747778553 0.15 1.0
0.0 0.584694000848 0.9 0.0 0.536462563406 0.463902375173 0.536714603843 0.15 1.0
0.0 0.335598963189 0.9 0.0 0.593715127573 0.298880531242 0.629273442016 0.15 1.0
0.0 0.53305737994 0.9 0.0 0.374596123781 0.745237240203 0.376432232658 0.15 1.0
0.0 0.595634810467 0.9 0.0 0.580494001916 0.369088753108 0.257414007163 0.15 1.0
0.0 0.462460701991 0.9 0.0 0.316222701066 0.206974610267 0.626902330031 0.15 1.0
0.0 0.553571429 0.9 0.0 0.316222701066 0.273531429895 0.626902330031 0.15 1.0
0.0 0.477528258589 0.9 0.0 0.652149732532 0.391822308184 0.453928954815 0.15 1.0
0.0 0.621372107784 0.9 0.0 0.227852574849 0.39210324594 0.432086287337 0.15 1.0
0.0 0.318442257738 0.9 0.0 0.686485449462 0.648047708246 0.302185857451 0.15 1.0
0.0 0.391228027861 0.9 0.0 0.483121925545 0.42596665093 0.322432896209 0.15 1.0
0.0 0.553571429 0.9 0.0 0.473297384196 0.681930263918 0.216193520008 0.15 1.0
0.0 0.626355907395 0.9 0.0 0.306014543792 0.579230501663 0.722788256716 0.15 0.0
0.0 0.553571429 0.9 0.0 0.306014543792 0.579230501663 0.722788256716 0.15 1.0
0.0 0.350436405636 0.9 0.0 0.475669663908 0.671775673182 0.371364998192 0.15 1.0
0.0 0.306911682448 0.9 0.0 0.357492221798 0.355805227135 0.510048932886 0.15 1.0
0.0 0.166728663909 0.9 0.0 0.454265504807 0.494788770997 0.601288855933 0.15 1.0
0.0 0.310060840779 0.9 0.0 0.28909567336 0.396427726218 0.319413020493 0.15 1.0
0.0 0.553571429 0.9 0.0 0.34750124586 0.666005171337 0.723103854447 0.15 1.0
0.0 0.184523809524 0.9 0.0 0.651701945966 0.5 0.779190136649 0.15 1.0
0.0 0.553571429 0.9 0.0 0.254673264495 0.32290502454 0.640365158327 0.15 1.0
0.0 0.644529414801 0.9 0.0 0.347762873083 0.364800455832 0.766017587308 0.15 0.0
0.0 0.553571429 0.9 0.0 0.347762873083 0.364800455832 0.766017587308 0.15 1.0
0.0 0.403949586583 0.9 0.0 0.352896344545 0.448382883279 0.202876601976 0.15 1.0
0.0 0.381306563897 0.9 0.0 0.25798982788 0.358674941199 0.415905543969 0.15 1.0
0.0 0.517189235906 0.9 0.0 0.340761444414 0.452911651584 0.732163669409 0.15 1.0
0.0 0.285101076114 0.9 0.0 0.522314027823 0.298301646405 0.616017204478 0.15 1.0
1.0 0.285101076114 0.9 0.0 0.522314027823 0.701698353595 0.616017204478 0.15 0.0
0.0 0.358072010175 0.9 0.0 0.695254744525 0.354627633011 0.735383441742 0.15 1.0
0.0 0.546608502807 0.9 0.0 0.63712689569 0.655171024978 0.543487409761 0.15 1.0
0.0 0.553571429 0.9 0.0 0.705748638635 0.661329772987 0.676992929892 0.15 1.0
0.0 0.370352495026 0.9 0.0 0.212148538044 0.419505998084 0.493787508392 0.15 1.0
0.0 0.448430041915 0.9 0.0 0.188240716665 0.478982205018 0.534116014682 0.15 1.0
0.0 0.467224134631 0.9 0.0 0.45641553478 0.319688688603 0.636435925106 0.15 1.0
0.0 0.50798987617 0.9 0.0 0.433911182302 0.805720401608 0.633240086144 0.15 1.0
0.0 0.578296102015 0.9 0.0 0.413405374027 0.487181732573 0.26694030564 0.85 0.0
0.0 0.403847958081 0.9 0.0 0.622575160848 0.599424139503 0.690476190476 0.15 1.0
0.0 0.640854883948 0.9 0.0 0.370392114163 0.399929929176 0.566097026951 0.15 0.0
0.0 0.553571429 0.9 0.0 0.370392114163 0.399929929176 0.566097026951 0.15 1.0
0.0 0.303739068026 0.9 0.0 0.693238278963 0.346057321176 0.52918825667 0.15 1.0
0.0 0.553571429 0.9 0.0 0.624028115445 0.365102235152 0.544128831481 0.15 1.0
0.0 0.251437293324 0.9 0.0 0.396300669258 0.297828054586 0.206107149613 0.15 1.0
0.0 0.539114547627 0.9 0.0 0.375075845488 0.395140925089 0.477617337435 0.15 1.0
0.0 0.553571429 0.9 0.0 0.3216754566 0.675296658937 0.809371171826 0.15 1.0
0.0 0.567027228287 0.9 0.0 0.589290506872 0.301978077626 0.630574356735 0.15 1.0
0.0 0.203255611457 0.9 0.0 0.589290506872 0.698021922374 0.630574356735 0.15 1.0
0.0 0.553571429 0.9 0.0 0.699614151446 0.325979903855 0.554440020711 0.15 1.0
0.0 0.425229190028 0.9 0.0 0.62472931407 0.713912969907 0.490918970499 0.15 1.0
0.0 0.272951805382 0.9 0.0 0.564030619368 0.709924465981 0.539302936139 0.15 1.0
0.0 0.474551314474 0.9 0.0 0.226912336198 0.431410109372 0.56516556099 0.15 1.0
0.0 0.555149854665 0.9 0.0 0.642507778202 0.56021617294 0.510048932886 0.15 1.0
0.0 0.598924021509 0.9 0.0 0.660988003832 0.447769131481 0.416666666667 0.15 0.0
0.0 0.553571429 0.9 0.0 0.660988003832 0.447769131481 0.416666666667 0.15 1.0
0.0 0.553571429 0.9 0.0 0.353452288468 0.28852033859 0.623856263792 0.15 1.0
0.0 0.341483598426 0.9 0.0 0.534023178137 0.562071826059 0.451698501208 0.15 1.0
0.0 0.262648084331 0.9 0.0 0.2571434192 0.484384363157 0.429088782534 0.15 1.0
0.0 0.553571429 0.9 0.0 0.682755043498 0.315843360679 0.648140165987 0.15 1.0
0.0 0.44755526852 0.9 0.0 0.712922333202 0.41701264034 0.522098693508 0.15 1.0
0.0 0.553571429 0.9 0.0 0.316367702119 0.308323343558 0.618495377124 0.15 1.0
0.0 0.477290649946 0.9 0.0 0.747576307141 0.380656517224 0.607362378998 0.15 1.0
0.0 0.580907837909 0.9 0.0 0.683332147843 0.318565478294 0.521601145099 0.15 1.0
0.0 0.424708163886 0.9 0.0 0.3945713753 0.289950779121 0.259291632906 0.15 1.0
0.0 0.455596113626 0.9 0.0 0.680264758517 0.281495615153 0.205725544422 0.15 1.0
0.0 0.516520627064 0.9 0.0 0.31932565577 0.30516964044 0.214126237361 0.15 1.0
0.0 0.45596593694 0.9 0.0 0.722275584256 0.774664755878 0.249086811811 0.15 1.0
0.0 0.221904845039 0.9 0.0 0.638585166933 0.300424449877 0.559863114835 0.15 1.0
0.0 0.554518928091 0.9 0.0 0.610176143822 0.745257420503 0.453434049455 0.15 1.0
0.0 0.315149910115 0.9 0.0 0.434205246436 0.767776380146 0.522043429421 0.15 1.0
0.0 0.38973299158 0.9 0.0 0.590495677046 0.232183495528 0.58738239684 0.15 1.0
0.0 0.345848194994 0.9 0.0 0.372102766037 0.487181732573 0.720428043348 0.15 1.0
0.0 0.451512236492 0.9 0.0 0.316823240446 0.79099496513 0.593276075175 0.15 1.0
0.0 0.553571429 0.9 0.0 0.316823240446 0.273531429895 0.593276075175 0.15 1.0
0.0 0.589760745076 0.9 0.0 0.686584372026 0.466283570043 0.73183061206 0.15 0.0
0.0 0.553571429 0.9 0.0 0.686584372026 0.466283570043 0.73183061206 0.15 1.0
0.0 0.382685488402 0.9 0.0 0.384894019623 0.31821212376 0.631637064645 0.15 1.0
0.0 0.553571429 0.9 0.0 0.384894019623 0.31821212376 0.631637064645 0.15 1.0
0.0 0.475386361618 0.9 0.0 0.751541100012 0.741006689327 0.536525471536 0.15 1.0
0.0 0.452163897268 0.9 0.0 0.408853348182 0.353619392176 0.632674704186 0.15 1.0
0.0 0.613748256977 0.9 0.0 0.46393615068 0.294889561963 0.626783576556 0.15 1.0
0.0 0.241305020659 0.9 0.0 0.342690777711 0.597495410838 0.366719184836 0.15 1.0
0.0 0.553571429 0.9 0.0 0.292318479031 0.467638601759 0.727802788194 0.15 1.0
0.0 0.434011539729 0.9 0.0 0.579261621849 0.744377028326 0.645178754557 0.15 1.0
0.0 0.553571429 0.9 0.0 0.513757226854 0.354951125255 0.530744123275 0.15 1.0
0.0 0.553571429 0.9 0.0 0.559602924561 0.606409218119 0.309730439606 0.15 1.0
0.0 0.411015163355 0.9 0.0 0.561287580424 0.740415924798 0.396340584155 0.15 1.0
0.0 0.341598986046 0.9 0.0 0.649269620184 0.356482839717 0.262323059039 0.15 1.0
0.0 0.630905138346 0.9 0.0 0.389444611632 0.685250857893 0.493353745124 0.15 1.0
0.0 0.445017035261 0.9 0.0 0.217179268685 0.692753443955 0.565269119819 0.15 1.0
0.0 0.578296102015 0.9 0.0 0.384006877324 0.326193728741 0.58637858814 0.15 1.0
0.0 0.561140513524 0.9 0.0 0.353853032719 0.462643176922 0.744375963817 0.15 1.0
0.0 0.37341973314 0.9 0.0 0.456301351685 0.223018873493 0.39472251493 0.15 1.0
0.0 0.393825219727 0.9 0.0 0.466183646532 0.595193250267 0.631849425748 0.15 1.0
0.0 0.491238362761 0.9 0.0 0.505053356594 0.803218733224 0.470358333092 0.15 1.0
0.0 0.198466460788 0.9 0.0 0.505053356594 0.293237485752 0.470358333092 0.15 1.0
0.0 0.553571429 0.9 0.0 0.505053356594 0.706762514248 0.470358333092 0.15 1.0
0.0 0.432343376053 0.9 0.0 0.640836340577 0.301603178325 0.605922080843 0.15 1.0
0.0 0.425066422954 0.9 0.0 0.461810927241 0.45598427305 0.507283163713 0.15 1.0
0.0 0.188235940456 0.9 0.0 0.393812643976 0.461074036361 0.560280488721 0.15 1.0
0.0 0.486839270481 0.9 0.0 0.413304578232 0.399929929176 0.564440209845 0.15 1.0
0.0 0.263575206666 0.9 0.0 0.717286997 0.523385570277 0.286413961093 0.15 1.0
0.0 0.460171350352 0.9 0.0 0.325904509012 0.672818742794 0.540190328284 0.15 1.0
0.0 0.419470177533 0.9 0.0 0.696487124592 0.441395160461 0.310267212387 0.15 1.0
0.0 0.449054055366 0.9 0.0 0.355267602224 0.346352556533 0.577660708971 0.15 1.0
0.0 0.553571429 0.9 0.0 0.728772180089 0.65969177099 0.436950645603 0.15 1.0
0.0 0.376289195747 0.9 0.0 0.63009463695 0.518053548652 0.731476595722 0.15 1.0
0.0 0.553571429 0.9 0.0 0.711910466947 0.665870683027 0.222527779414 0.15 1.0
0.0 0.505129844234 0.9 0.0 0.615164731078 0.259423328698 0.684876465826 0.15 1.0
0.0 0.545409817367 0.9 0.0 0.338258458757 0.542789868586 0.671432157192 0.15 1.0
0.0 0.6156797202 0.9 0.0 0.408499104147 0.676401356363 0.480106168198 0.15 1.0
0.0 0.646984727238 0.9 0.0 0.327567046202 0.696487124592 0.713966775702 0.15 1.0
0.0 0.398672669382 0.9 0.0 0.653312402584 0.585042140371 0.346647737954 0.15 1.0
0.0 0.625785299866 0.9 0.0 0.7827093278 0.453753359284 0.578575491618 0.15 0.0
0.0 0.553571429 0.9 0.0 0.7827093278 0.453753359284 0.578575491618 0.15 1.0
0.0 0.553571429 0.9 0.0 0.287290509334 0.325163359044 0.530498707891 0.15 1.0
0.0 0.493006513175 0.9 0.0 0.209537012987 0.46828590946 0.523423605504 0.15 1.0
0.0 0.377111094861 0.9 0.0 0.57368819352 0.367888881363 0.434555810647 0.15 1.0
0.0 0.489144751164 0.9 0.0 0.652397577881 0.675687252183 0.193041112593 0.15 1.0
0.0 0.445299624936 0.9 0.0 0.664986911167 0.335317694593 0.551276108883 0.15 1.0
0.0 0.361438954062 0.9 0.0 0.34650348266 0.290357898659 0.397850781913 0.15 1.0
0.0 0.583862794794 0.9 0.0 0.621029526287 0.465998916288 0.277668635785 0.15 1.0
0.0 0.224389803256 0.9 0.0 0.789674431319 0.612114748489 0.563298814466 0.15 1.0
0.0 0.553571429 0.9 0.0 0.23572869915 0.509922380306 0.352732552867 0.15 1.0
0.0 0.553571429 0.9 0.0 0.330921949418 0.339768953547 0.727823707119 0.15 1.0
0.0 0.640365158327 0.9 0.0 0.447189687985 0.254673264495 0.477528258589 0.85 0.0
0.0 0.553571429 0.9 0.0 0.329010321038 0.347635309614 0.62559500019 0.15 1.0
0.0 0.553571429 0.9 0.0 0.329010321038 0.347635309614 0.62559500019 0.15 1.0
0.0 0.553571429 0.9 0.0 0.329010321038 0.347635309614 0.62559500019 0.15 1.0
0.0 0.533546193984 0.9 0.0 0.364425380886 0.435391705182 0.5618433622 0.15 1.0
0.0 0.651481140416 0.9 0.0 0.768244935113 0.296679188199 0.490918970499 0.15 1.0
0.0 0.619167616974 0.9 0.0 0.510205566834 0.359610843971 0.464771420726 0.15 1.0
0.0 0.553571429 0.9 0.0 0.412746152424 0.288057813112 0.438319043368 0.15 1.0
0.0 0.510808796581 0.9 0.0 0.535118336919 0.366016857156 0.434011539729 0.15 1.0
0.0 0.27439530642 0.9 0.0 0.443560168878 0.545671943581 0.253487743531 0.15 1.0
0.0 0.524250289815 0.9 0.0 0.350290447367 0.509261514044 0.514929855033 0.15 1.0
0.0 0.581666707118 0.9 0.0 0.406423368117 0.571083248373 0.56516556099 0.15 1.0
0.0 0.354793310756 0.9 0.0 0.405492159462 0.617398586412 0.687845866801 0.15 1.0
0.0 0.307202709285 0.9 0.0 0.254742579497 0.343204483717 0.554518928091 0.15 1.0
0.0 0.466377445046 0.9 0.0 0.610555388368 0.582907192441 0.493353745124 0.15 1.0
0.0 0.642531552455 0.9 0.0 0.765426630932 0.362117714947 0.515181294826 0.15 1.0
0.0 0.402219207356 0.9 0.0 0.68990508642 0.528630123634 0.200944763231 0.15 1.0
0.0 0.631849425748 0.9 0.0 0.685616789144 0.713327385387 0.268543347526 0.15 1.0
0.0 0.553571429 0.9 0.0 0.384006877324 0.399929929176 0.652928230327 0.15 1.0
