0.0 0.553571429 0.9 0.0 0.256924543336 0.399929929176 0.472009123205 0.15 1.0
0.0 0.553571429 0.9 1.0 0.256924543336 0.399929929176 0.472009123205 0.15 0.0
0.0 0.548574994896 0.9 0.0 0.647580179026 0.399929929176 0.747673009832 0.15 1.0
0.0 0.548574994896 0.9 1.0 0.647580179026 0.399929929176 0.747673009832 0.15 0.0
0.0 0.635176590636 0.9 0.0 0.647580179026 0.399929929176 0.747673009832 0.15 0.0
0.0 0.553571429 0.9 0.0 0.647580179026 0.399929929176 0.747673009832 0.15 1.0
0.0 0.553571429 0.9 1.0 0.647580179026 0.399929929176 0.747673009832 0.15 0.0
0.0 0.553571429 0.9 0.0 0.647580179026 0.399929929176 0.747673009832 0.15 1.0
0.0 0.553571429 0.9 0.0 0.647580179026 0.399929929176 0.747673009832 0.15 1.0
0.0 0.171731021905 0.9 0.0 0.647580179026 0.399929929176 0.747673009832 0.15 1.0
0.0 0.171731021905 0.9 1.0 0.647580179026 0.399929929176 0.747673009832 0.15 0.0
0.0 0.553571429 0.9 0.0 0.647580179026 0.399929929176 0.747673009832 0.15 1.0
1.0 0.553571429 0.9 0.0 0.647580179026 0.600070070824 0.747673009832 0.15 0.0
0.0 0.553571429 0.9 0.0 0.305850893106 0.545361706666 0.781711068477 0.15 1.0
0.0 0.553571429 0.9 0.0 0.305850893106 0.545361706666 0.781711068477 0.15 1.0
1.0 0.553571429 0.9 0.0 0.305850893106 0.545361706666 0.781711068477 0.15 0.0
0.0 0.553571429 0.9 1.0 0.305850893106 0.454638293334 0.781711068477 0.15 0.0
0.0 0.41976616584 0.9 0.0 0.459102253135 0.692578455518 0.466135308725 0.15 1.0
0.0 0.679412813632 0.9 0.0 0.459102253135 0.692578455518 0.466135308725 0.15 0.0
0.0 0.553571429 0.9 0.0 0.459102253135 0.692578455518 0.466135308725 0.15 1.0
0.0 0.602443813072 0.9 0.0 0.483955736774 0.335709545403 0.531098448615 0.15 1.0
0.0 0.553571429 0.9 0.0 0.269607205565 0.312052124618 0.254769487336 0.15 1.0
0.0 0.710129943866 0.9 0.0 0.493899375943 0.302242961559 0.613312975753 0.15 0.0
0.0 0.553571429 0.9 0.0 0.493899375943 0.302242961559 0.613312975753 0.15 1.0
0.0 0.553571429 0.9 1.0 0.493899375943 0.302242961559 0.613312975753 0.15 0.0
0.0 0.705781436285 0.9 0.0 0.463204646399 0.365419700056 0.530825907807 0.15 0.0
0.0 0.553571429 0.9 0.0 0.463204646399 0.365419700056 0.530825907807 0.15 1.0
0.0 0.424023558474 0.9 0.0 0.755621787621 0.613540503439 0.474073616834 0.15 1.0
0.0 0.64241912762 0.9 0.0 0.755621787621 0.613540503439 0.474073616834 0.15 0.0
0.0 0.553571429 0.9 0.0 0.755621787621 0.613540503439 0.474073616834 0.15 1.0
0.0 0.553571429 0.9 0.0 0.755621787621 0.613540503439 0.474073616834 0.15 1.0
0.0 0.532051443048 0.9 0.0 0.521304766127 0.43760300256 0.370822846037 0.15 1.0
0.0 0.613799885489 0.9 0.0 0.521304766127 0.43760300256 0.370822846037 0.15 0.0
0.0 0.553571429 0.9 0.0 0.521304766127 0.43760300256 0.370822846037 0.15 1.0
0.0 0.553571429 0.9 0.0 0.521304766127 0.56239699744 0.370822846037 0.15 1.0
0.0 0.575688775065 0.9 0.0 0.702215325885 0.5 0.432471875471 0.85 0.0
0.0 0.553571429 0.9 0.0 0.606375740911 0.661688772803 0.2272663859 0.15 1.0
0.0 0.437555701312 0.9 0.0 0.462262234948 0.288369266642 0.633546157362 0.15 1.0
0.0 0.499226852361 0.9 0.0 0.284784799752 0.788834003887 0.218615585802 0.15 1.0
0.0 0.539302936139 0.9 0.0 0.282272554199 0.337202442359 0.675099051436 0.15 1.0
0.0 0.658530201864 0.9 0.0 0.524065207772 0.353958653137 0.562675429699 0.15 0.0
0.0 0.553571429 0.9 0.0 0.524065207772 0.353958653137 0.562675429699 0.15 1.0
0.0 0.553571429 0.9 0.0 0.524065207772 0.353958653137 0.562675429699 0.15 1.0
0.0 0.464801763962 0.9 0.0 0.49324015434 0.790675660674 0.541907935357 0.15 1.0
0.0 0.553571429 0.9 0.0 0.49324015434 0.273531429895 0.541907935357 0.15 1.0
0.0 0.553571429 0.9 0.0 0.49324015434 0.273531429895 0.541907935357 0.15 1.0
0.0 0.293560162515 0.9 0.0 0.470456305881 0.615993122676 0.588259560834 0.15 1.0
0.0 0.340328128133 0.9 0.0 0.746499173252 0.243337177339 0.538010044512 0.15 1.0
0.0 0.50231367087 0.9 0.0 0.259213567559 0.20800493955 0.287156045674 0.15 1.0
0.0 0.470358333092 0.9 0.0 0.701592031809 0.333958639574 0.706082069103 0.15 1.0
0.0 0.548150298533 0.9 0.0 0.571455460342 0.567784176258 0.662620353044 0.15 1.0
0.0 0.553571429 0.9 0.0 0.445780706265 0.360252317378 0.545303162883 0.15 1.0
0.0 0.510133407504 0.9 0.0 0.58469823092 0.397773800139 0.329004982537 0.85 0.0
0.0 0.553571429 0.9 0.0 0.489794433166 0.554705542252 0.172861900839 0.15 1.0
1.0 0.553571429 0.9 0.0 0.489794433166 0.554705542252 0.172861900839 0.15 0.0
0.0 0.553571429 0.9 0.0 0.489794433166 0.554705542252 0.172861900839 0.15 1.0
0.0 0.548150298533 0.9 0.0 0.591364337364 0.567784176258 0.530962192495 0.15 1.0
0.0 0.616947515359 0.9 0.0 0.591364337364 0.567784176258 0.530962192495 0.15 0.0
0.0 0.553571429 0.9 0.0 0.591364337364 0.567784176258 0.530962192495 0.15 1.0
0.0 0.594369511576 0.9 0.0 0.269454286772 0.653472480525 0.501200758529 0.15 1.0
0.0 0.307742661196 0.9 0.0 0.551040234168 0.718721237012 0.409777127201 0.15 1.0
0.0 0.553571429 0.9 0.0 0.551040234168 0.281278762988 0.409777127201 0.15 1.0
0.0 0.56612288293 0.9 0.0 0.461810927241 0.278884090096 0.272409120178 0.15 1.0
0.0 0.29744894487 0.9 0.0 0.241864292093 0.364800455832 0.588384781191 0.15 1.0
0.0 0.478240517377 0.9 0.0 0.71508286745 0.237521700651 0.674429544499 0.15 1.0
0.0 0.613482282519 0.9 0.0 0.34327896278 0.33087908429 0.439366934899 0.15 1.0
0.0 0.293774782962 0.9 0.0 0.411438628561 0.525293553926 0.464771420726 0.15 1.0
0.0 0.591452385004 0.9 0.0 0.411438628561 0.474706446074 0.464771420726 0.15 0.0
0.0 0.553571429 0.9 0.0 0.411438628561 0.474706446074 0.464771420726 0.15 1.0
0.0 0.15637465003 0.9 0.0 0.71432648222 0.527086614239 0.708012099339 0.15 1.0
0.0 0.542979176829 0.9 0.0 0.47269251309 0.354767944369 0.318077665899 0.15 1.0
0.0 0.523037455246 0.9 0.0 0.343668974786 0.453345606356 0.776345604594 0.15 1.0
0.0 0.2641766334 0.9 0.0 0.737007335553 0.295268328027 0.533464750406 0.15 1.0
0.0 0.576464598601 0.9 0.0 0.529543694119 0.627487335078 0.588259560834 0.15 1.0
0.0 0.513587155028 0.9 0.0 0.660627000941 0.586449428557 0.705953239881 0.15 1.0
0.0 0.441140689509 0.9 0.0 0.681009325298 0.294112220569 0.834002740935 0.15 1.0
0.0 0.441678040528 0.9 0.0 0.223018873493 0.4599937061 0.573068659702 0.15 1.0
0.0 0.689249771275 0.9 0.0 0.26839453849 0.298301646405 0.663096144089 0.15 0.0
0.0 0.553571429 0.9 0.0 0.26839453849 0.298301646405 0.663096144089 0.15 1.0
0.0 0.667252667478 0.9 0.0 0.258958443053 0.628702948334 0.308613451112 0.15 0.0
0.0 0.553571429 0.9 0.0 0.258958443053 0.628702948334 0.308613451112 0.15 1.0
0.0 0.553571429 0.9 0.0 0.524689353082 0.485777729483 0.485082393915 0.15 1.0
0.0 0.512157406741 0.9 0.0 0.347602422119 0.668066543812 0.193041112593 0.15 1.0
0.0 0.387849258477 0.9 0.0 0.74839752978 0.541316099614 0.534739534178 0.15 1.0
0.0 0.404897168683 0.9 0.0 0.618482345772 0.593082117451 0.416037990904 0.15 1.0
0.0 0.605702122731 0.9 0.0 0.482920588932 0.416257152455 0.579007055601 0.15 1.0
0.0 0.626101320312 0.9 0.0 0.482920588932 0.583742847545 0.579007055601 0.15 0.0
0.0 0.553571429 0.9 0.0 0.482920588932 0.583742847545 0.579007055601 0.15 1.0
0.0 0.553571429 0.9 0.0 0.482920588932 0.583742847545 0.579007055601 0.15 1.0
0.0 0.534007515738 0.9 0.0 0.597720186318 0.685196562478 0.318685150258 0.15 1.0
0.0 0.603645952068 0.9 0.0 0.22911949755 0.520628753983 0.426821738958 0.15 0.0
0.0 0.553571429 0.9 0.0 0.22911949755 0.520628753983 0.426821738958 0.15 1.0
0.0 0.297661562457 0.9 0.0 0.451294510713 0.300985939357 0.311709045271 0.15 1.0
0.0 0.553571429 0.9 0.0 0.521513637026 0.584322914819 0.573989503706 0.15 1.0
0.0 0.626428964933 0.9 0.0 0.521513637026 0.415677085181 0.573989503706 0.15 0.0
0.0 0.553571429 0.9 0.0 0.521513637026 0.415677085181 0.573989503706 0.15 1.0
0.0 0.553571429 0.9 0.0 0.521513637026 0.584322914819 0.573989503706 0.15 1.0
1.0 0.553571429 0.9 0.0 0.521513637026 0.584322914819 0.573989503706 0.15 0.0
0.0 0.553571429 0.9 0.0 0.521513637026 0.584322914819 0.573989503706 0.15 1.0
0.0 0.553571429 0.9 0.0 0.521513637026 0.584322914819 0.573989503706 0.15 1.0
0.0 0.553571429 0.9 0.0 0.521513637026 0.584322914819 0.573989503706 0.15 1.0
0.0 0.477765772633 0.9 0.0 0.332710466206 0.723001780117 0.495433016324 0.15 1.0
0.0 0.654761904762 0.9 0.0 0.338124853869 0.598766938273 0.552385173914 0.15 0.0
0.0 0.553571429 0.9 0.0 0.338124853869 0.598766938273 0.552385173914 0.15 1.0
0.0 0.279806323042 0.9 0.0 0.693738057476 0.503733680636 0.2639916796 0.15 1.0
0.0 0.622232950026 0.9 0.0 0.738204789153 0.350667671413 0.312037929964 0.15 1.0
0.0 0.464316082786 0.9 0.0 0.274709005634 0.265461035316 0.503794460645 0.15 1.0
0.0 0.326705838735 0.9 0.0 0.497879922133 0.648956771022 0.583358554834 0.15 1.0
0.0 0.386904761905 0.9 0.0 0.298702407259 0.731986245352 0.756579788021 0.15 1.0
0.0 0.574500555411 0.9 0.0 0.691275895588 0.279182539316 0.285101076114 0.15 1.0
0.0 0.560176169294 0.9 0.0 0.683502683043 0.489034432285 0.53000759874 0.15 1.0
0.0 0.638777208592 0.9 0.0 0.415880524698 0.349626267042 0.530416882155 0.15 1.0
0.0 0.675032126144 0.9 0.0 0.312136188854 0.729735854682 0.735880902981 0.15 1.0
0.0 0.314496612729 0.9 0.0 0.507897644191 0.301084066505 0.446710456057 0.15 1.0
0.0 0.553571429 0.9 0.0 0.507897644191 0.301084066505 0.446710456057 0.15 1.0
0.0 0.651963805498 0.9 0.0 0.273292641992 0.3502179118 0.614449000065 0.15 0.0
0.0 0.553571429 0.9 0.0 0.273292641992 0.3502179118 0.614449000065 0.15 1.0
0.0 0.475058447359 0.9 0.0 0.647716828681 0.728477004108 0.554518928091 0.15 1.0
0.0 0.395067211469 0.9 0.0 0.511573919868 0.523205328827 0.52449808803 0.15 1.0
0.0 0.327380952381 0.9 0.0 0.693508989359 0.5 0.588109267137 0.85 0.0
0.0 0.434555810647 0.9 0.0 0.802701843098 0.497310048 0.555333763727 0.15 1.0
0.0 0.425879772151 0.9 0.0 0.392405126412 0.527381910581 0.594766709536 0.15 1.0
0.0 0.713200824421 0.9 0.0 0.718666625535 0.358355650327 0.641553944998 0.15 0.0
0.0 0.553571429 0.9 0.0 0.718666625535 0.358355650327 0.641553944998 0.15 1.0
0.0 0.553571429 0.9 0.0 0.718666625535 0.641644349673 0.641553944998 0.15 1.0
0.0 0.422128244413 0.9 0.0 0.447506164953 0.370463831842 0.53822570306 0.15 1.0
0.0 0.375143410052 0.9 0.0 0.536528642426 0.493972848826 0.290067625653 0.15 1.0
0.0 0.363058493603 0.9 0.0 0.483777633925 0.643676812576 0.340250993425 0.15 1.0
0.0 0.399083124221 0.9 0.0 0.536692316055 0.706651251112 0.410446695393 0.15 1.0
0.0 0.517884957114 0.9 0.0 0.679306368766 0.431339776178 0.678327076999 0.15 1.0
0.0 0.600181307952 0.9 0.0 0.62329543288 0.374745363281 0.245799831446 0.15 1.0
0.0 0.443413011976 0.9 0.0 0.408421746333 0.279137094234 0.263436281581 0.15 1.0
0.0 0.33653316948 0.9 0.0 0.757774705016 0.42364074846 0.609821367808 0.85 0.0
0.0 0.514174936606 0.9 0.0 0.64993998718 0.478809534346 0.609043181026 0.15 1.0
0.0 0.613119434366 0.9 0.0 0.690559912136 0.600070070824 0.769294137878 0.15 1.0
0.0 0.540834954853 0.9 0.0 0.303512875408 0.43378619293 0.293431336645 0.15 1.0
0.0 0.244486463919 0.9 0.0 0.692340954342 0.280307546582 0.64288039399 0.15 1.0
0.0 0.395549398727 0.9 0.0 0.730700008988 0.76273784699 0.344053739707 0.15 1.0
0.0 0.592678947279 0.9 0.0 0.632111118637 0.248325919042 0.707883570801 0.15 1.0
0.0 0.441930733492 0.9 0.0 0.423239678721 0.416148143671 0.511595836322 0.15 1.0
0.0 0.377895987256 0.9 0.0 0.402397432468 0.417610767848 0.569604528299 0.15 1.0
0.0 0.478714885077 0.9 0.0 0.303512875408 0.565517192461 0.503879783426 0.15 1.0
0.0 0.553571429 0.9 0.0 0.617805954548 0.684233444118 0.248316050576 0.15 1.0
0.0 0.660918730014 0.9 0.0 0.350845774262 0.666716205124 0.283783912278 0.15 0.0
0.0 0.553571429 0.9 0.0 0.350845774262 0.666716205124 0.283783912278 0.15 1.0
0.0 0.227624280442 0.9 0.0 0.303512875408 0.569623666468 0.285013398773 0.15 1.0
0.0 0.332902363636 0.9 0.0 0.696487124592 0.556492477413 0.554387410654 0.15 1.0
0.0 0.539840892231 0.9 0.0 0.586747078835 0.793164195995 0.634110885137 0.15 1.0
0.0 0.308737704972 0.9 0.0 0.39450425022 0.639378692953 0.579007055601 0.15 1.0
0.0 0.553571429 0.9 0.0 0.212813306658 0.362234646547 0.533681910698 0.15 1.0
0.0 0.326268455102 0.9 0.0 0.563932039825 0.727304368904 0.563843809327 0.15 1.0
0.0 0.527875150914 0.9 0.0 0.367468889854 0.555704240248 0.646614618582 0.15 1.0
0.0 0.305954048283 0.9 0.0 0.615993122676 0.73128547638 0.506519017515 0.15 1.0
0.0 0.424414867167 0.9 0.0 0.521240321209 0.374201110672 0.442498876908 0.15 1.0
0.0 0.185979237508 0.9 0.0 0.677544600868 0.524448846352 0.493006513175 0.15 1.0
0.0 0.337426656429 0.9 0.0 0.31124778642 0.447417534167 0.289417582483 0.15 1.0
0.0 0.553571429 0.9 0.0 0.318080591081 0.307103660058 0.821145979243 0.15 1.0
0.0 0.43809650997 0.9 0.0 0.211655096521 0.732520806883 0.467193916774 0.15 1.0
0.0 0.575751043448 0.9 0.0 0.359276980498 0.704065871343 0.204632764865 0.15 1.0
0.0 0.600008869387 0.9 0.0 0.413470770752 0.340254577889 0.583257663398 0.15 1.0
0.0 0.246382035195 0.9 0.0 0.20620551904 0.44662046217 0.435898191467 0.15 1.0
0.0 0.553571429 0.9 0.0 0.427935677531 0.601035695699 0.383814089536 0.15 1.0
0.0 0.553571429 0.9 0.0 0.509436095437 0.331196565309 0.512353838389 0.15 1.0
0.0 0.487569800647 0.9 0.0 0.5 0.686069184992 0.535714285714 0.15 1.0
0.0 0.553571429 0.9 0.0 0.5 0.313930815008 0.535714285714 0.15 1.0
0.0 0.553571429 0.9 1.0 0.5 0.313930815008 0.535714285714 0.15 0.0
0.0 0.553571429 0.9 0.0 0.5 0.313930815008 0.535714285714 0.15 1.0
0.0 0.247978333559 0.9 0.0 0.445638577445 0.463353294734 0.350323190565 0.15 1.0
0.0 0.542497332831 0.9 0.0 0.529297700907 0.760863130547 0.288505780205 0.15 1.0
0.0 0.214763687924 0.9 0.0 0.777935988959 0.596021641865 0.578397711184 0.15 1.0
0.0 0.600008869387 0.9 0.0 0.531765440124 0.266771172927 0.445017035261 0.15 1.0
0.0 0.474670678829 0.9 0.0 0.572678571056 0.218531907547 0.483585021765 0.15 1.0
0.0 0.700673120305 0.9 0.0 0.572678571056 0.726468570105 0.483585021765 0.15 0.0
0.0 0.553571429 0.9 0.0 0.572678571056 0.726468570105 0.483585021765 0.15 1.0
0.0 0.571531191061 0.9 0.0 0.682904010479 0.495687062206 0.656545563349 0.15 0.0
0.0 0.553571429 0.9 0.0 0.682904010479 0.495687062206 0.656545563349 0.15 1.0
0.0 0.238739498265 0.9 0.0 0.635199544168 0.699430226191 0.575113320815 0.15 1.0
0.0 0.272228057846 0.9 0.0 0.5 0.44240477399 0.279761904762 0.15 1.0
0.0 0.592280583536 0.9 0.0 0.613759475092 0.697967433807 0.17910666158 0.15 1.0
0.0 0.576464598601 0.9 0.0 0.612350052386 0.710119534305 0.429379579667 0.15 1.0
0.0 0.576464598601 0.9 0.0 0.519418974692 0.317145285122 0.418284593861 0.15 1.0
0.0 0.600772212278 0.9 0.0 0.362234646547 0.256424526992 0.677237690866 0.15 1.0
0.0 0.48446627884 0.9 0.0 0.5 0.796864610425 0.589285714286 0.15 1.0
0.0 0.48446627884 0.9 1.0 0.5 0.203135389575 0.589285714286 0.15 0.0
0.0 0.616017204478 0.9 0.0 0.678433575939 0.593312269343 0.581464422377 0.15 1.0
0.0 0.631458087111 0.9 0.0 0.678433575939 0.593312269343 0.581464422377 0.15 0.0
0.0 0.553571429 0.9 0.0 0.678433575939 0.593312269343 0.581464422377 0.15 1.0
0.0 0.553571429 0.9 0.0 0.678433575939 0.593312269343 0.581464422377 0.15 1.0
0.0 0.550297552881 0.9 0.0 0.507145918157 0.540218847101 0.297789080953 0.15 1.0
0.0 0.553571429 0.9 0.0 0.414957859629 0.593390866631 0.398672669382 0.15 1.0
0.0 0.472368683256 0.9 0.0 0.475864656212 0.717878426577 0.622495785828 0.15 1.0
0.0 0.439366934899 0.9 0.0 0.579126938052 0.36251372631 0.569887442678 0.15 1.0
0.0 0.345848194994 0.9 0.0 0.376067474633 0.326193728741 0.71990030352 0.15 1.0
0.0 0.394515585955 0.9 0.0 0.236335288277 0.307613740483 0.531398111606 0.15 1.0
0.0 0.553571429 0.9 0.0 0.53549912076 0.349586091166 0.512297721298 0.15 1.0
0.0 0.47619047619 0.9 0.0 0.266820559354 0.339011996168 0.629770421634 0.15 1.0
0.0 0.473864503092 0.9 0.0 0.330422830115 0.5276836899 0.782674247308 0.15 1.0
0.0 0.506971957487 0.9 0.0 0.622968311667 0.485719805155 0.549370573268 0.15 1.0
0.0 0.419305669266 0.9 0.0 0.235631694434 0.42125544633 0.462003553271 0.15 1.0
0.0 0.425001302489 0.9 0.0 0.754300273175 0.66153543223 0.321991275068 0.15 1.0
