11999	PNode18	0.0	0.553571429	0.9	0.0	-0.512302078459	-0.341521460837	0.707454997986	0.85	1.0
11999	PNode18	0.0	0.327380952381	0.9	0.0	-0.512302078459	0.0	0.707454997986	0.85	-1.0
11999	PNode18	0.0	0.553571429	0.9	0.0	-0.512302078459	-0.512302078459	0.707454997986	0.85	1.0
11999	PNode18	0.0	0.381978821703	0.9	0.0	0.788506166112	-0.11820034426	0.583736768721	0.85	1.0
11999	PNode18	0.0	0.327380952381	0.9	0.0	0.788506166112	0.0	0.583736768721	0.85	-1.0
11999	PNode18	0.0	0.542979176829	0.9	0.0	-0.602166244744	0.700476187737	0.711922670021	0.85	1.0
11999	PNode18	0.0	0.618207086691	0.9	0.0	-0.541687620814	-0.269153203535	0.739747085565	0.15	1.0
11999	PNode18	0.0	0.327380952381	0.9	0.0	-0.541687620814	0.0	0.739747085565	0.15	-1.0
11999	PNode18	0.0	0.603940048759	0.9	0.0	0.650008036486	-0.281049495154	0.450019923939	0.85	1.0
11999	PNode18	0.0	0.558086405742	0.9	0.0	0.269153203535	0.182335784325	0.393825219727	0.85	1.0
11999	PNode18	0.0	0.327380952381	0.9	0.0	0.269153203535	0.0	0.393825219727	0.85	-1.0
11999	PNode18	0.0	0.343441272772	0.9	0.0	-0.474014376583	0.717912946678	0.283475953874	0.85	1.0
11999	PNode18	0.0	0.458824042826	0.9	0.0	-0.132578976554	-0.685079963115	0.583736768721	0.85	1.0
11999	PNode18	0.0	0.248460691439	0.9	0.0	0.466747283268	0.307466281581	0.317915527434	0.15	1.0
11999	PNode18	0.0	0.248460691439	0.9	0.0	0.466747283268	0.0	0.317915527434	0.15	-1.0
11999	PNode18	0.0	0.719055228591	0.9	0.0	-0.442837327379	0.452169641635	0.358406062623	0.85	-1.0
11999	PNode18	0.0	0.553571429	0.9	0.0	-0.442837327379	0.452169641635	0.358406062623	0.85	1.0
11999	PNode18	0.0	0.438223682793	0.9	0.0	-0.789607202532	-0.16778948701	0.46395155638	0.15	1.0
11999	PNode18	0.0	0.327380952381	0.9	0.0	-0.789607202532	0.0	0.46395155638	0.15	-1.0
11999	PNode18	0.0	0.342405891507	0.9	0.0	-0.145287517679	-0.372879478456	0.318725619243	0.15	1.0
11999	PNode18	0.0	0.327380952381	0.9	0.0	-0.145287517679	0.0	0.318725619243	0.15	-1.0
11999	PNode18	0.0	0.553571429	0.9	0.0	-0.122847243061	0.425286302393	0.569887442678	0.15	1.0
11999	PNode18	0.0	0.553571429	0.9	0.0	-0.626471090417	0.393522996933	0.59585786604	0.15	1.0
11999	PNode18	0.0	0.571531191061	0.9	0.0	0.819750742371	-0.0121945728351	0.550006354825	0.85	-1.0
11999	PNode18	0.0	0.553571429	0.9	0.0	0.819750742371	-0.0121945728351	0.550006354825	0.85	-1.0
11999	PNode18	0.0	0.475296948398	0.9	0.0	-0.513994312797	-0.0923566195003	0.239333171988	0.15	1.0
11999	PNode18	0.0	0.327380952381	0.9	0.0	-0.513994312797	0.0	0.239333171988	0.15	-1.0
11999	PNode18	0.0	0.608264161624	0.9	0.0	-0.47636294065	-0.356449681161	0.596749393248	0.15	1.0
11999	PNode18	0.0	0.380172293959	0.9	0.0	-0.373536261278	-0.483867569068	0.707883570801	0.15	1.0
11999	PNode18	0.0	0.569836012342	0.9	0.0	-0.665068590824	0.154013700151	0.617918683483	0.85	1.0
11999	PNode18	0.0	0.475356558706	0.9	0.0	0.217902768147	-0.404138595952	0.293216537403	0.85	1.0
11999	PNode18	0.0	0.553571429	0.9	0.0	-0.732102190731	0.512437121471	0.323995096808	0.85	1.0
11999	PNode18	0.0	0.546608502807	0.9	0.0	0.313675532209	0.672374348247	0.671723446148	0.85	1.0
11999	PNode18	0.0	0.377610715357	0.9	0.0	-0.216654348507	0.555555555556	0.611375254154	0.15	1.0
11999	PNode18	0.0	0.553571429	0.9	0.0	0.469235489547	0.509411980946	0.779939276097	0.15	1.0
11999	PNode18	0.0	0.563921630234	0.9	0.0	0.500309919676	0.0803163783418	0.851975288781	0.15	1.0
11999	PNode18	0.0	0.485697881292	0.9	0.0	0.811054947334	0.755117273485	0.48835778637	0.15	1.0
11999	PNode18	0.0	0.333685639757	0.9	0.0	0.250902923823	-0.348762166605	0.395101668413	0.15	1.0
11999	PNode18	0.0	0.578397711184	0.9	0.0	0.699039110661	-0.785847332622	0.486839270481	0.15	1.0
11999	PNode18	0.0	0.548044082196	0.9	0.0	0.157090810931	0.429931964901	0.637630884861	0.15	1.0
11999	PNode18	0.0	0.428183092122	0.9	0.0	-0.590153722467	-0.544674024734	0.483555624334	0.15	1.0
11999	PNode18	0.0	0.235156560638	0.9	0.0	-0.435345823822	0.306696161796	0.602664764227	0.15	1.0
11999	PNode18	0.0	0.722788256716	0.9	0.0	0.245495865603	-0.562628872811	0.475952333314	0.15	-1.0
11999	PNode18	0.0	0.553571429	0.9	0.0	0.245495865603	-0.562628872811	0.475952333314	0.15	1.0
11999	PNode18	0.0	0.352544764709	0.9	0.0	0.469562734691	-0.0536202463172	0.818050745411	0.85	1.0
11999	PNode18	0.0	0.327380952381	0.9	0.0	0.469562734691	0.0	0.818050745411	0.85	-1.0
11999	PNode18	0.0	0.525598260996	0.9	0.0	0.399007611212	0.354258078757	0.571223286396	0.15	1.0
11999	PNode18	0.0	0.489901607898	0.9	0.0	-0.508911139418	0.487000357617	0.775197334129	0.85	1.0
11999	PNode18	0.0	0.647054102705	0.9	0.0	0.341308337824	-0.229329930996	0.304283437778	0.15	-1.0
11999	PNode18	0.0	0.553571429	0.9	0.0	0.341308337824	-0.229329930996	0.304283437778	0.15	1.0
11999	PNode18	0.0	0.55167241406	0.9	0.0	0.190165740277	0.721306287034	0.486020029576	0.15	1.0
11999	PNode18	0.0	0.563013167173	0.9	0.0	0.342958280556	-0.5380935406	0.63446362507	0.85	1.0
11999	PNode18	0.0	0.552411557898	0.9	0.0	-0.779482495748	-0.814004548388	0.39472251493	0.15	1.0
11999	PNode18	0.0	0.646614618582	0.9	0.0	-0.502865514811	-0.37472376207	0.729307632397	0.15	-1.0
11999	PNode18	0.0	0.553571429	0.9	0.0	-0.502865514811	-0.37472376207	0.729307632397	0.15	1.0
11999	PNode18	0.0	0.378750822073	0.9	0.0	-0.452169641635	-0.324180982158	0.719055228591	0.15	1.0
11999	PNode18	0.0	0.472398636727	0.9	0.0	-0.0344778069841	-0.754486644853	0.613965800659	0.15	1.0
11999	PNode18	0.0	0.503936658788	0.9	0.0	0.555555555556	-0.545997281914	0.402864528971	0.15	1.0
11999	PNode18	0.0	0.218772943421	0.9	0.0	-0.335181255528	0.176309823901	0.663616916696	0.15	1.0
11999	PNode18	0.0	0.592504690584	0.9	0.0	0.431103728549	-0.420850266861	0.650445838628	0.15	1.0
11999	PNode18	0.0	0.535849553127	0.9	0.0	-0.648758293435	-0.319337738199	0.233351431324	0.15	1.0
11999	PNode18	0.0	0.716408859977	0.9	0.0	0.378092996527	-0.404744208221	0.745606146217	0.15	-1.0
11999	PNode18	0.0	0.553571429	0.9	0.0	0.378092996527	-0.404744208221	0.745606146217	0.15	1.0
11999	PNode18	0.0	0.606093113247	0.9	0.0	0.359961949164	0.122546240823	0.528477321594	0.15	-1.0
11999	PNode18	0.0	0.553571429	0.9	0.0	0.359961949164	0.122546240823	0.528477321594	0.15	1.0
11999	PNode18	0.0	0.691722604881	0.9	0.0	0.157279590031	0.463493146417	0.582752988654	0.15	-1.0
11999	PNode18	0.0	0.553571429	0.9	0.0	0.157279590031	0.463493146417	0.582752988654	0.15	1.0
11999	PNode18	0.0	0.580452121211	0.9	0.0	0.486762990075	0.0663085764881	0.574500555411	0.85	-1.0
11999	PNode18	0.0	0.553571429	0.9	0.0	0.486762990075	0.0663085764881	0.574500555411	0.85	1.0
11999	PNode18	0.0	0.553571429	0.9	0.0	-0.717026219507	0.372407503775	0.308737704972	0.85	1.0
11999	PNode18	0.0	0.230930109431	0.9	0.0	0.080818404732	-0.59811588706	0.24643051031	0.15	1.0
11999	PNode18	0.0	0.427275900266	0.9	0.0	-0.37992637162	-0.139628795976	0.497534007742	0.15	1.0
11999	PNode18	0.0	0.388163699828	0.9	0.0	0.62552204541	0.667549352805	0.435035605707	0.15	1.0
11999	PNode18	0.0	0.453928954815	0.9	0.0	-0.355688811642	-0.430194239751	0.288549245614	0.15	1.0
11999	PNode18	0.0	0.644181326968	0.9	0.0	0.574930306231	0.441943247259	0.495692430728	0.15	1.0
11999	PNode18	0.0	0.652124626727	0.9	0.0	0.618069343865	-0.520795596491	0.548574994896	0.15	1.0
11999	PNode18	0.0	0.464801763962	0.9	0.0	-0.515179161442	0.821867990015	0.766277756398	0.15	1.0
11999	PNode18	0.0	0.503936658788	0.9	0.0	0.519000788467	0.565113829197	0.369845457104	0.85	1.0
11999	PNode18	0.0	0.312325498381	0.9	0.0	0.458232847942	-0.624683201685	0.433338464672	0.15	1.0
11999	PNode18	0.0	0.597343128344	0.9	0.0	-0.123555306191	-0.106189936527	0.39472251493	0.15	-1.0
11999	PNode18	0.0	0.553571429	0.9	0.0	-0.123555306191	-0.106189936527	0.39472251493	0.15	1.0
11999	PNode18	0.0	0.242923709417	0.9	0.0	-0.488634626126	-0.555555555556	0.460171350352	0.15	1.0
11999	PNode18	0.0	0.508780449694	0.9	0.0	0.295833197217	-0.0671645929754	0.408569763191	0.85	1.0
11999	PNode18	0.0	0.599639218855	0.9	0.0	0.223726669727	0.489176476197	0.569887442678	0.15	1.0
11999	PNode18	0.0	0.48187759353	0.9	0.0	-0.602642899189	0.41592675958	0.32387512315	0.15	1.0
11999	PNode18	0.0	0.636998494376	0.9	0.0	-0.392307806757	-0.268119059093	0.672171373603	0.15	-1.0
11999	PNode18	0.0	0.553571429	0.9	0.0	-0.392307806757	-0.268119059093	0.672171373603	0.15	1.0
11999	PNode18	0.0	0.498395356185	0.9	0.0	0.639683369005	0.69140173891	0.554939611431	0.15	1.0
11999	PNode18	0.0	0.436950645603	0.9	0.0	0.346573912788	-0.263528230236	0.184523809524	0.15	1.0
11999	PNode18	0.0	0.253630377202	0.9	0.0	0.602166244744	-0.327963594779	0.711922670021	0.15	1.0
11999	PNode18	0.0	0.6561343141	0.9	0.0	0.367959894731	-0.524820334296	0.587507772654	0.15	1.0
11999	PNode18	0.0	0.615969001925	0.9	0.0	-0.116818792692	0.307466281581	0.460263098124	0.85	1.0
11999	PNode18	0.0	0.553571429	0.9	0.0	0.341000925717	-0.481720993521	0.458701404526	0.15	1.0
11999	PNode18	0.0	0.532622570758	0.9	0.0	-0.0112269191259	0.482326828087	0.631046857239	0.15	1.0
11999	PNode18	0.0	0.575445009666	0.9	0.0	0.161057247691	-0.551268606209	0.381978821703	0.15	1.0
11999	PNode18	0.0	0.412316997773	0.9	0.0	-0.101210726494	0.15983345081	0.590585042785	0.15	1.0
11999	PNode18	0.0	0.559889208219	0.9	0.0	-0.663532867439	0.314095660037	0.545276496586	0.15	1.0
11999	PNode18	0.0	0.553571429	0.9	0.0	-0.462429305057	0.491426803608	0.810763061948	0.15	1.0
11999	PNode18	0.0	0.756114335514	0.9	0.0	-0.403360855416	-0.401247907906	0.531507045744	0.15	-1.0
11999	PNode18	0.0	0.553571429	0.9	0.0	-0.403360855416	-0.401247907906	0.531507045744	0.15	1.0
11999	PNode18	0.0	0.517439783147	0.9	0.0	0.0631767265429	-0.80385911468	0.281357858544	0.15	1.0
11999	PNode18	0.0	0.205288874424	0.9	0.0	0.327963594779	0.528010190024	0.187080735015	0.15	1.0
11999	PNode18	0.0	0.599417337247	0.9	0.0	0.639370056475	-0.270241441604	0.237002295922	0.85	1.0
11999	PNode18	0.0	0.497534007742	0.9	0.0	0.116818792692	0.15838003545	0.243021579184	0.15	1.0
11999	PNode18	0.0	0.311009330195	0.9	0.0	0.135235341277	0.597116798314	0.256848890568	0.15	1.0
11999	PNode18	0.0	0.693446930036	0.9	0.0	-0.0879631648013	-0.62897361795	0.552807193311	0.15	-1.0
11999	PNode18	0.0	0.643716962757	0.9	0.0	-0.0099620920383	0.590698974269	0.303613344668	0.15	1.0
11999	PNode18	0.0	0.553571429	0.9	0.0	0.132578976554	-0.0865356081064	0.583736768721	0.15	1.0
11999	PNode18	0.0	0.425001302489	0.9	0.0	0.372278369357	0.456731742503	0.603768506898	0.15	1.0
11999	PNode18	0.0	0.33622198038	0.9	0.0	0.363899864238	-0.516298393582	0.667252667478	0.15	1.0
11999	PNode18	0.0	0.570529998229	0.9	0.0	-0.717703979091	-0.0856911534413	0.399595735971	0.15	1.0
11999	PNode18	0.0	0.68540516041	0.9	0.0	0.54221081251	-0.529643136627	0.550297552881	0.85	-1.0
11999	PNode18	0.0	0.553571429	0.9	0.0	0.54221081251	-0.529643136627	0.550297552881	0.85	1.0
11999	PNode18	0.0	0.553571429	0.9	0.0	0.574330489644	0.0350467634692	0.356733454962	0.85	-1.0
11999	PNode18	0.0	0.542416991373	0.9	0.0	0.622090268642	-0.587072816632	0.329084052969	0.15	1.0
11999	PNode18	0.0	0.59647710001	0.9	0.0	-0.402706704583	0.100371634002	0.587658194269	0.85	-1.0
11999	PNode18	0.0	0.553571429	0.9	0.0	-0.402706704583	0.100371634002	0.587658194269	0.85	1.0
11999	PNode18	0.0	0.647678199434	0.9	0.0	0.327963594779	0.664713760002	0.37341973314	0.15	1.0
11999	PNode18	0.0	0.49690158668	0.9	0.0	0.464785440001	0.603928998322	0.670310813285	0.15	1.0
11999	PNode18	0.0	0.491615610973	0.9	0.0	-0.243386352041	0.124753535371	0.639711699147	0.15	1.0
11999	PNode18	0.0	0.504107253729	0.9	0.0	0.177778040825	-0.0812585759899	0.335715843927	0.15	1.0
11999	PNode18	0.0	0.36602577933	0.9	0.0	-0.466009943053	-0.362914232777	0.347673709141	0.15	1.0
11999	PNode18	0.0	0.331646290385	0.9	0.0	0.482640233163	0.695184351531	0.371798288764	0.85	1.0
11999	PNode18	0.0	0.779683061821	0.9	0.0	0.196856739518	-0.505823905352	0.400960230187	0.85	-1.0
11999	PNode18	0.0	0.553571429	0.9	0.0	0.196856739518	-0.505823905352	0.400960230187	0.85	1.0
11999	PNode18	0.0	0.489144751164	0.9	0.0	0.526502507826	0.614365946799	0.803494620459	0.15	1.0
11999	PNode18	0.0	0.341291221452	0.9	0.0	0.687394409834	-0.613828851001	0.630503455969	0.15	1.0
11999	PNode18	0.0	0.598232809482	0.9	0.0	-0.330260194834	-0.214597393595	0.700848294096	0.85	1.0
11999	PNode18	0.0	0.622925679944	0.9	0.0	-0.0347599590643	0.249129119315	0.608020546886	0.15	-1.0
11999	PNode18	0.0	0.553571429	0.9	0.0	-0.0347599590643	0.249129119315	0.608020546886	0.15	1.0
11999	PNode18	0.0	0.590485178914	0.9	0.0	-0.200399390878	-0.458744404752	0.370714343589	0.15	1.0
11999	PNode18	0.0	0.815324525151	0.9	0.0	0.288197666192	0.488542010048	0.496844061655	0.85	-1.0
11999	PNode18	0.0	0.553571429	0.9	0.0	0.288197666192	0.488542010048	0.496844061655	0.85	1.0
11999	PNode18	0.0	0.492224520116	0.9	0.0	0.591250241929	0.835562464284	0.298171402592	0.85	1.0
11999	PNode18	0.0	0.403712422678	0.9	0.0	-0.253778336044	0.0969544852096	0.338666867309	0.85	1.0
11999	PNode18	0.0	0.327380952381	0.9	0.0	-0.253778336044	0.0	0.338666867309	0.85	-1.0
11999	PNode18	0.0	0.595064463023	0.9	0.0	-0.110060826631	0.492936631204	0.188235940456	0.15	1.0
11999	PNode18	0.0	0.381412769901	0.9	0.0	-0.489591904215	-0.3317260875	0.468552181903	0.15	1.0
11999	PNode18	0.0	0.659099564041	0.9	0.0	-0.737003941722	0.48657723501	0.411816670036	0.15	1.0
11999	PNode18	0.0	0.46819028505	0.9	0.0	0.560302835304	0.129785520616	0.50810287626	0.15	1.0
11999	PNode18	0.0	0.368212118828	0.9	0.0	0.51019136394	-0.798606372816	0.800397767364	0.15	1.0
11999	PNode18	0.0	0.650307693127	0.9	0.0	-0.284819904319	-0.335306119658	0.230322156925	0.15	-1.0
11999	PNode18	0.0	0.553571429	0.9	0.0	-0.284819904319	-0.335306119658	0.230322156925	0.15	1.0
11999	PNode18	0.0	0.77341261019	0.9	0.0	-0.0516656311743	0.54221081251	0.615052552063	0.85	-1.0
11999	PNode18	0.0	0.553571429	0.9	0.0	-0.0516656311743	0.54221081251	0.615052552063	0.85	1.0
11999	PNode18	0.0	0.479159263162	0.9	0.0	-0.15782041903	-0.0705011498457	0.607289212418	0.15	1.0
11999	PNode18	0.0	0.437460209935	0.9	0.0	0.398246559775	-0.711973015617	0.739685198629	0.85	1.0
11999	PNode18	0.0	0.553571429	0.9	0.0	-0.327963594779	0.475155271243	0.37341973314	0.15	1.0
11999	PNode18	0.0	0.389837438964	0.9	0.0	-0.388602954933	0.298353454852	0.222942438624	0.15	1.0
11999	PNode18	0.0	0.39472251493	0.9	0.0	0.28640235202	-0.123555306191	0.515600139774	0.15	1.0
11999	PNode18	0.0	0.651297188457	0.9	0.0	-0.158325902497	0.543960605608	0.631825833035	0.15	1.0
11999	PNode18	0.0	0.588860416539	0.9	0.0	0.398464744624	-0.242639803186	0.549768007567	0.15	1.0
11999	PNode18	0.0	0.25896372165	0.9	0.0	0.220724649331	0.322982301753	0.656499879757	0.15	1.0
11999	PNode18	0.0	0.791063447908	0.9	0.0	-0.0147344373331	0.522830991563	0.166728663909	0.85	-1.0
11999	PNode18	0.0	0.553571429	0.9	0.0	-0.0147344373331	0.522830991563	0.166728663909	0.85	1.0
11999	PNode18	0.0	0.553571429	0.9	0.0	0.43802442141	-0.0342001950272	0.56805930837	0.85	-1.0
11999	PNode18	0.0	0.637279622093	0.9	0.0	0.0259463497243	-0.678198734202	0.530198629775	0.15	1.0
11999	PNode18	0.0	0.553571429	0.9	0.0	0.196856739518	-0.379786660917	0.444294217623	0.85	1.0
11999	PNode18	0.0	0.503339208265	0.9	0.0	-0.521897395137	0.12237964749	0.323394903194	0.15	1.0
11999	PNode18	0.0	0.407224998975	0.9	0.0	-0.812003144223	-0.53858228666	0.403136004749	0.15	1.0
11999	PNode18	0.0	0.424317066413	0.9	0.0	0.392307806757	-0.528152400578	0.672171373603	0.15	1.0
11999	PNode18	0.0	0.605702122731	0.9	0.0	-0.709130395294	-0.236777876862	0.467133476386	0.15	1.0
11999	PNode18	0.0	0.527245008945	0.9	0.0	0.618967635709	-0.495597482297	0.633169436639	0.15	1.0
11999	PNode18	0.0	0.58022415149	0.9	0.0	-0.015047842409	0.145533127149	0.44060282255	0.15	1.0
11999	PNode18	0.0	0.494769570309	0.9	0.0	-0.140876334898	-0.866164221186	0.542845366459	0.15	1.0
11999	PNode18	0.0	0.454176247262	0.9	0.0	-0.10531809395	-0.185757923854	0.603229110101	0.15	1.0
11999	PNode18	0.0	0.502655704633	0.9	0.0	-0.388602954933	-0.734649896266	0.564932496296	0.15	1.0
11999	PNode18	0.0	0.553123533976	0.9	0.0	-0.562292069055	0.82799876003	0.764875941945	0.15	1.0
11999	PNode18	0.0	0.424219248053	0.9	0.0	-0.612783499098	0.71023219394	0.349681121967	0.85	1.0
11999	PNode18	0.0	0.551223250489	0.9	0.0	-0.312504738295	-0.412442278885	0.368212118828	0.15	1.0
11999	PNode18	0.0	0.307078007836	0.9	0.0	-0.327963594779	-0.604501910159	0.493209089077	0.15	1.0
11999	PNode18	0.0	0.589510768569	0.9	0.0	-0.636373960288	0.673755899816	0.656248571884	0.85	1.0
11999	PNode18	0.0	0.471439372021	0.9	0.0	0.37900892038	-0.459462228068	0.323995096808	0.15	1.0
11999	PNode18	0.0	0.471169297916	0.9	0.0	0.276297963604	-0.595931949669	0.646984727238	0.15	1.0
11999	PNode18	0.0	0.581464422377	0.9	0.0	-0.111216095581	-0.151416959604	0.375143410052	0.85	1.0
11999	PNode18	0.0	0.59585786604	0.9	0.0	-0.223115088259	0.685383288698	0.475773663588	0.15	1.0
11999	PNode18	0.0	0.381412769901	0.9	0.0	0.135846183355	0.779385023611	0.317550495736	0.15	1.0
11999	PNode18	0.0	0.453928954815	0.9	0.0	-0.496456800976	0.586742184094	0.738363879859	0.15	1.0
11999	PNode18	0.0	0.244242726659	0.9	0.0	0.17100517301	-0.432000249365	0.328490684207	0.85	1.0
11999	PNode18	0.0	0.549370573268	0.9	0.0	-0.351147266967	0.626943115091	0.368357526094	0.15	1.0
11999	PNode18	0.0	0.585172128982	0.9	0.0	-0.600644725683	0.282477002178	0.277400614413	0.15	1.0
11999	PNode18	0.0	0.542845366459	0.9	0.0	-0.626943115091	-0.140876334898	0.549370573268	0.15	1.0
11999	PNode18	0.0	0.659167859509	0.9	0.0	-0.695184351531	0.260110801629	0.524800823	0.15	-1.0
11999	PNode18	0.0	0.553571429	0.9	0.0	-0.695184351531	0.260110801629	0.524800823	0.15	1.0
11999	PNode18	0.0	0.554913326415	0.9	0.0	0.323967279656	0.440189235777	0.352131367313	0.85	1.0
11999	PNode18	0.0	0.376002997939	0.9	0.0	0.175629183935	-0.22490240985	0.31694143041	0.15	1.0
11999	PNode18	0.0	0.579387625899	0.9	0.0	0.101323659406	0.745385817887	0.50640573127	0.15	1.0
11999	PNode18	0.0	0.500829343728	0.9	0.0	0.319337738199	0.512302078459	0.535849553127	0.85	1.0
11999	PNode18	0.0	0.571146288768	0.9	0.0	0.764936382988	-0.815897314176	0.501400659022	0.15	1.0
11999	PNode18	0.0	0.257649222198	0.9	0.0	-0.654711803636	-0.388019328578	0.573810546555	0.85	1.0
11999	PNode18	0.0	0.425879772151	0.9	0.0	0.0395705670495	0.269153203535	0.626165753431	0.15	1.0
11999	PNode18	0.0	0.396924593637	0.9	0.0	-0.620466779864	-0.486202708764	0.569913156406	0.85	1.0
11999	PNode18	0.0	0.553571429	0.9	0.0	0.526991080274	0.429355942795	0.715008190218	0.15	1.0
11999	PNode18	0.0	0.544048687697	0.9	0.0	0.276609986214	0.308083340427	0.614931881367	0.15	1.0
11999	PNode18	0.0	0.705072367868	0.9	0.0	-0.555555555556	0.435767194656	0.293431336645	0.15	-1.0
11999	PNode18	0.0	0.553571429	0.9	0.0	-0.555555555556	0.435767194656	0.293431336645	0.15	1.0
11999	PNode18	0.0	0.414014599458	0.9	0.0	0.0661212968254	-0.747809180208	0.454886619523	0.85	1.0
11999	PNode18	0.0	0.321790391935	0.9	0.0	-0.631730556729	0.684588061037	0.507509398426	0.15	1.0
11999	PNode18	0.0	0.553571429	0.9	0.0	0.337229728067	0.0398890111157	0.490599410908	0.15	-1.0
11999	PNode18	0.0	0.214126237361	0.9	0.0	-0.327963594779	0.600265243261	0.253630377202	0.85	1.0
11999	PNode18	0.0	0.402728738115	0.9	0.0	-0.295833197217	-0.775929855583	0.64306637752	0.15	1.0
11999	PNode18	0.0	0.645503217627	0.9	0.0	0.314362284714	-0.300865679677	0.573196627953	0.85	-1.0
11999	PNode18	0.0	0.553571429	0.9	0.0	0.314362284714	-0.300865679677	0.573196627953	0.85	1.0
11999	PNode18	0.0	0.683619420526	0.9	0.0	0.811054947334	-0.436297616316	0.48835778637	0.15	-1.0
11999	PNode18	0.0	0.553571429	0.9	0.0	0.811054947334	-0.436297616316	0.48835778637	0.15	1.0
11999	PNode18	0.0	0.279806323042	0.9	0.0	0.657989444072	-0.645370431579	0.28928744967	0.15	1.0
11999	PNode18	0.0	0.371545582436	0.9	0.0	-0.361851939147	0.671376668651	0.659145095019	0.15	1.0
11999	PNode18	0.0	0.532405057337	0.9	0.0	-0.0682412364402	-0.149769395884	0.437109934609	0.15	1.0
11999	PNode18	0.0	0.631046857239	0.9	0.0	0.686315157382	-0.667154108683	0.407628788767	0.15	1.0
11999	PNode18	0.0	0.627377154999	0.9	0.0	-0.714631720984	0.599459025855	0.541559407853	0.15	1.0
11999	PNode18	0.0	0.375895631095	0.9	0.0	-0.332742949768	-0.0425603315045	0.274935255795	0.15	-1.0
11999	PNode18	0.0	0.528258415252	0.9	0.0	-0.175392174293	-0.301777219511	0.36602577933	0.15	1.0
11999	PNode18	0.0	0.681365043795	0.9	0.0	-0.335370185893	-0.585321354896	0.389419520696	0.85	-1.0
11999	PNode18	0.0	0.553571429	0.9	0.0	-0.335370185893	-0.585321354896	0.389419520696	0.85	1.0
11999	PNode18	0.0	0.50810287626	0.9	0.0	-0.206163509062	0.204234363019	0.191675788956	0.15	1.0
11999	PNode18	0.0	0.642787385199	0.9	0.0	0.235076922697	0.559463556139	0.592504690584	0.85	1.0
11999	PNode18	0.0	0.503253811366	0.9	0.0	0.0567913045218	0.840701505162	0.400483064858	0.15	1.0
11999	PNode18	0.0	0.488561912151	0.9	0.0	0.379629225953	-0.427458704691	0.428118342585	0.15	1.0
11999	PNode18	0.0	0.449801967933	0.9	0.0	-0.810456676851	-0.164310848091	0.501657579344	0.15	1.0
11999	PNode18	0.0	0.604723722364	0.9	0.0	0.0	-0.0699222994817	0.494047619048	0.85	-1.0
11999	PNode18	0.0	0.553571429	0.9	0.0	0.0	-0.0699222994817	0.494047619048	0.85	1.0
11999	PNode18	0.0	0.613361353108	0.9	0.0	-0.505707276284	0.563685718242	0.598257507095	0.15	1.0
11999	PNode18	0.0	0.50478916698	0.9	0.0	-0.442215531387	-0.517357307915	0.725141871346	0.85	1.0
11999	PNode18	0.0	0.200667833381	0.9	0.0	0.257997104924	-0.357419693919	0.231385381656	0.15	1.0
11999	PNode18	0.0	0.377895987256	0.9	0.0	0.483091352555	-0.579524523345	0.786418898562	0.15	1.0
11999	PNode18	0.0	0.591707544489	0.9	0.0	-0.555555555556	-0.785796774741	0.747999981693	0.15	1.0
11999	PNode18	0.0	0.553571429	0.9	0.0	-0.324627037908	0.43697278821	0.445299624936	0.85	1.0
11999	PNode18	0.0	0.586052042617	0.9	0.0	0.676024240017	-0.144313199697	0.551461080448	0.85	1.0
11999	PNode18	0.0	0.553571429	0.9	0.0	-0.283112351081	-0.406477918726	0.553123533976	0.15	1.0
11999	PNode18	0.0	0.394929360593	0.9	0.0	-0.667253975307	0.165339478441	0.550085785044	0.15	1.0
11999	PNode18	0.0	0.569064096029	0.9	0.0	0.154676638385	0.371774483345	0.210221825856	0.15	1.0
11999	PNode18	0.0	0.484025811273	0.9	0.0	0.0287384578894	0.0559114103325	0.613699905165	0.15	1.0
11999	PNode18	0.0	0.476309511907	0.9	0.0	0.249958272538	0.0141452202244	0.654967921293	0.15	-1.0
11999	PNode18	0.0	0.263065567755	0.9	0.0	-0.403463638807	0.224107480082	0.255763368844	0.15	1.0
11999	PNode18	0.0	0.311009330195	0.9	0.0	-0.47390789528	0.597116798314	0.465681032869	0.15	1.0
11999	PNode18	0.0	0.421440371174	0.9	0.0	-0.295833197217	-0.66060127551	0.291321456027	0.85	1.0
11999	PNode18	0.0	0.414546067405	0.9	0.0	-0.206163509062	-0.633829527727	0.191675788956	0.85	1.0
11999	PNode18	0.0	0.545969472783	0.9	0.0	-0.207387305942	-0.555555555556	0.21049072704	0.85	1.0
11999	PNode18	0.0	0.227726468182	0.9	0.0	0.0593022933218	0.624348121037	0.591782314911	0.85	1.0
11999	PNode18	0.0	0.329952908706	0.9	0.0	-0.815277913894	0.475817081744	0.467193916774	0.85	1.0
11999	PNode18	0.0	0.652492092229	0.9	0.0	-0.47655609102	-0.443177500145	0.787318440062	0.15	1.0
11999	PNode18	0.0	0.285714285714	0.9	0.0	-0.30947485726	-0.346573912788	0.288375356158	0.15	1.0
11999	PNode18	0.0	0.529761904762	0.9	0.0	-0.81233368406	0.698784092988	0.461759593494	0.15	1.0
11999	PNode18	0.0	0.42134203209	0.9	0.0	0.555555555556	0.610705667425	0.773253795307	0.85	1.0
11999	PNode18	0.0	0.245994002535	0.9	0.0	-0.106821503594	0.297004314198	0.434875720197	0.15	1.0
11999	PNode18	0.0	0.553571429	0.9	0.0	-0.382268599161	0.501250551173	0.29744894487	0.15	1.0
11999	PNode18	0.0	0.357737723679	0.9	0.0	-0.0474818529635	0.0353383361248	0.590884550112	0.15	-1.0
11999	PNode18	0.0	0.33524814055	0.9	0.0	0.41592675958	0.720895033997	0.267261446181	0.15	1.0
11999	PNode18	0.0	0.232596559232	0.9	0.0	0.382268599161	-0.419247652095	0.505697226829	0.15	1.0
11999	PNode18	0.0	0.491267390133	0.9	0.0	-0.0307352212592	-0.560433790648	0.429088782534	0.15	1.0
11999	PNode18	0.0	0.458609408715	0.9	0.0	-0.68441327594	-0.324703915998	0.53147981392	0.85	1.0
11999	PNode18	0.0	0.496383667884	0.9	0.0	-0.682182961009	-0.0616511603188	0.330071258801	0.85	1.0
11999	PNode18	0.0	0.339285714286	0.9	0.0	-0.401247907906	0.0	0.756114335514	0.15	-1.0
11999	PNode18	0.0	0.536714603843	0.9	0.0	0.464081003313	-0.820493342352	0.827455822136	0.85	1.0
11999	PNode18	0.0	0.31694143041	0.9	0.0	-0.620865200066	-0.397175520105	0.337465464019	0.85	1.0
11999	PNode18	0.0	0.811905523078	0.9	0.0	-0.833587229665	0.456088467483	0.441393624755	0.15	-1.0
11999	PNode18	0.0	0.553571429	0.9	0.0	-0.833587229665	0.456088467483	0.441393624755	0.15	1.0
11999	PNode18	0.0	0.708076356119	0.9	0.0	0.873557058296	0.42157418691	0.549238042645	0.15	-1.0
11999	PNode18	0.0	0.553571429	0.9	0.0	0.873557058296	0.42157418691	0.549238042645	0.15	1.0
11999	PNode18	0.0	0.541881132074	0.9	0.0	-0.769802773287	0.56907025422	0.445393790054	0.85	1.0
11999	PNode18	0.0	0.34298138977	0.9	0.0	-0.543960605608	-0.270845437873	0.651297188457	0.15	1.0
11999	PNode18	0.0	0.52276149139	0.9	0.0	-0.709569255706	0.348503409647	0.368066668156	0.15	1.0
11999	PNode18	0.0	0.451201660095	0.9	0.0	-0.0868881575702	0.171496187302	0.366755652446	0.15	1.0
11999	PNode18	0.0	0.548813767918	0.9	0.0	-0.386773986022	-0.658448944659	0.682316191538	0.15	1.0
11999	PNode18	0.0	0.650560940937	0.9	0.0	0.544208582917	-0.160017306802	0.668130850749	0.15	-1.0
11999	PNode18	0.0	0.553571429	0.9	0.0	0.544208582917	-0.160017306802	0.668130850749	0.15	1.0
11999	PNode18	0.0	0.640854883948	0.9	0.0	0.166032284589	0.610461541359	0.162481752152	0.15	1.0
11999	PNode18	0.0	0.575113320815	0.9	0.0	-0.259722358339	-0.72884251195	0.295487746345	0.15	1.0
11999	PNode18	0.0	0.553571429	0.9	0.0	-0.639370056475	-0.480435878207	0.237002295922	0.85	1.0
11999	PNode18	0.0	0.384799541757	0.9	0.0	-0.627710689844	0.17734052407	0.418284593861	0.85	1.0
11999	PNode18	0.0	0.582121634411	0.9	0.0	-0.702940129562	0.496039924962	0.633805043509	0.15	1.0
11999	PNode18	0.0	0.399356580233	0.9	0.0	-0.159910673005	-0.266136781297	0.491731640468	0.85	1.0
11999	PNode18	0.0	0.621730913624	0.9	0.0	0.444422776265	-0.555555555556	0.741766278896	0.15	1.0
11999	PNode18	0.0	0.379604191455	0.9	0.0	-0.608773158331	0.28640235202	0.720913271144	0.85	1.0
11999	PNode18	0.0	0.212260001192	0.9	0.0	-0.46071722696	0.219554178305	0.794075556784	0.15	1.0
11999	PNode18	0.0	0.296512135136	0.9	0.0	-0.487586693111	-0.469369661644	0.582879191358	0.85	1.0
11999	PNode18	0.0	0.529625367896	0.9	0.0	-0.449763680496	0.583100921087	0.191675788956	0.85	1.0
11999	PNode18	0.0	0.382155581786	0.9	0.0	-0.607856725914	-0.460224372838	0.336766421883	0.15	1.0
11999	PNode18	0.0	0.50071501747	0.9	0.0	-0.13180686028	-0.0339813012379	0.619935142282	0.85	-1.0
11999	PNode18	0.0	0.585373349001	0.9	0.0	0.53475698373	-0.509030497418	0.453619689086	0.85	1.0
11999	PNode18	0.0	0.528258415252	0.9	0.0	0.294756553752	-0.301777219511	0.675099051436	0.85	1.0
11999	PNode18	0.0	0.411115417956	0.9	0.0	0.339190513905	0.754726426302	0.216404828657	0.15	1.0
11999	PNode18	0.0	0.298680620465	0.9	0.0	0.497704940253	-0.505623634887	0.653776845537	0.15	1.0
11999	PNode18	0.0	0.25557426137	0.9	0.0	-0.715217387614	-0.563503033508	0.46395155638	0.15	1.0
11999	PNode18	0.0	0.657047905381	0.9	0.0	-0.539259929705	-0.509488925936	0.794541059941	0.15	1.0
11999	PNode18	0.0	0.434811753069	0.9	0.0	-0.561601180162	-0.256447588667	0.37341973314	0.85	1.0
11999	PNode18	0.0	0.545623074995	0.9	0.0	-0.506285023476	-0.479260194455	0.243803587003	0.15	1.0
11999	PNode18	0.0	0.411115417956	0.9	0.0	0.222968789336	-0.754726426302	0.456950971591	0.15	1.0
11999	PNode18	0.0	0.260833687753	0.9	0.0	0.345792305037	0.437448321115	0.1978293251	0.15	1.0
11999	PNode18	0.0	0.444671455502	0.9	0.0	-0.583462986557	0.84334487698	0.521213895692	0.15	1.0
11999	PNode18	0.0	0.462826162374	0.9	0.0	0.851388752773	-0.379786660917	0.461301892502	0.15	1.0
11999	PNode18	0.0	0.444797145375	0.9	0.0	0.734569960081	0.135235341277	0.385256418571	0.85	1.0
11999	PNode18	0.0	0.644946910856	0.9	0.0	-0.295156302397	-0.32549895213	0.512522159748	0.15	-1.0
11999	PNode18	0.0	0.553571429	0.9	0.0	-0.295156302397	-0.32549895213	0.512522159748	0.15	1.0
11999	PNode18	0.0	0.654761904762	0.9	0.0	-0.57259696387	-0.655927189557	0.579844036708	0.15	1.0
11999	PNode18	0.0	0.501828800495	0.9	0.0	0.624476614278	-0.71023219394	0.443413011976	0.15	1.0
11999	PNode18	0.0	0.603572409194	0.9	0.0	0.120985786035	-0.654761860624	0.545409817367	0.15	1.0
11999	PNode18	0.0	0.656910935261	0.9	0.0	-0.619684307503	-0.369239843474	0.578296102015	0.15	-1.0
11999	PNode18	0.0	0.553571429	0.9	0.0	-0.619684307503	-0.369239843474	0.578296102015	0.15	1.0
11999	PNode18	0.0	0.260787050799	0.9	0.0	0.719269866718	-0.397478196725	0.559863114835	0.15	1.0
11999	PNode18	0.0	0.629368130243	0.9	0.0	-0.428335228781	0.62328588179	0.539760226821	0.15	1.0
11999	PNode18	0.0	0.53582250188	0.9	0.0	0.126470215388	0.777396786916	0.383003163904	0.15	1.0
11999	PNode18	0.0	0.809371171826	0.9	0.0	0.0130976751884	-0.504201946991	0.523919743638	0.15	-1.0
11999	PNode18	0.0	0.553571429	0.9	0.0	0.0130976751884	-0.504201946991	0.523919743638	0.15	1.0
11999	PNode18	0.0	0.504675566544	0.9	0.0	-0.772349037677	0.819390398387	0.578473908347	0.15	1.0
11999	PNode18	0.0	0.542497332831	0.9	0.0	0.176823703435	-0.373536261278	0.169688877039	0.85	1.0
11999	PNode18	0.0	0.191675788956	0.9	0.0	-0.448479332742	0.449763680496	0.383355901095	0.85	1.0
11999	PNode18	0.0	0.63246257629	0.9	0.0	0.531827704211	-0.61107594586	0.508441754434	0.15	1.0
11999	PNode18	0.0	0.502399196959	0.9	0.0	-0.0802388429587	0.661347430615	0.354232175759	0.85	1.0
11999	PNode18	0.0	0.38609879784	0.9	0.0	0.526502507826	0.264509799976	0.188466460788	0.15	1.0
11999	PNode18	0.0	0.384518180763	0.9	0.0	-0.86548850204	0.704460610581	0.545623074995	0.15	1.0
11999	PNode18	0.0	0.39781650824	0.9	0.0	0.313818374554	-0.753994742775	0.546581888804	0.15	1.0
11999	PNode18	0.0	0.235006484713	0.9	0.0	0.0298704841563	0.333281955483	0.303948523915	0.15	1.0
11999	PNode18	0.0	0.537821285202	0.9	0.0	-0.657120030421	-0.17484158093	0.586905765678	0.15	1.0
11999	PNode18	0.0	0.553571429	0.9	0.0	0.200046595246	-0.458232847942	0.60619082794	0.85	1.0
11999	PNode18	0.0	0.205725544422	0.9	0.0	-0.455183921554	0.601423322289	0.77380952381	0.15	1.0
11999	PNode18	0.0	0.546448802827	0.9	0.0	-0.353726277193	-0.528706862783	0.53889918042	0.15	1.0
11999	PNode18	0.0	0.406686130161	0.9	0.0	-0.653302506603	-0.732962981669	0.522623464955	0.15	1.0
11999	PNode18	0.0	0.571274613378	0.9	0.0	0.191349078722	-0.0917457774219	0.616017204478	0.15	1.0
11999	PNode18	0.0	0.57073548959	0.9	0.0	-0.417843706927	0.482048056405	0.490134297714	0.15	1.0
11999	PNode18	0.0	0.451201660095	0.9	0.0	0.495871527083	-0.450753779253	0.729975595889	0.15	1.0
11999	PNode18	0.0	0.553571429	0.9	0.0	-0.350682054734	-0.471076871449	0.544128831481	0.15	1.0
11999	PNode18	0.0	0.557850903611	0.9	0.0	-0.285573096477	0.81654104702	0.547645620219	0.15	1.0
11999	PNode18	0.0	0.648509539039	0.9	0.0	-0.433562887403	0.293605313867	0.543166465921	0.15	-1.0
11999	PNode18	0.0	0.553571429	0.9	0.0	-0.433562887403	0.293605313867	0.543166465921	0.15	1.0
11999	PNode18	0.0	0.659623009553	0.9	0.0	-0.663532867439	-0.559379060493	0.545276496586	0.15	1.0
11999	PNode18	0.0	0.607167251737	0.9	0.0	0.677702724318	0.460981785994	0.615824375297	0.85	1.0
11999	PNode18	0.0	0.553571429	0.9	0.0	-0.585426039712	-0.417274101384	0.479159263162	0.15	1.0
11999	PNode18	0.0	0.56805930837	0.9	0.0	-0.762607701465	-0.673086689701	0.52276149139	0.15	1.0
11999	PNode18	0.0	0.743883399812	0.9	0.0	-0.469896471539	-0.565906357709	0.682316191538	0.15	-1.0
11999	PNode18	0.0	0.553571429	0.9	0.0	-0.469896471539	-0.565906357709	0.682316191538	0.15	1.0
11999	PNode18	0.0	0.292872625638	0.9	0.0	-0.54221081251	-0.46131690633	0.550297552881	0.15	1.0
11999	PNode18	0.0	0.376396477302	0.9	0.0	-0.0497316502035	0.676326012738	0.304618086887	0.15	1.0
11999	PNode18	0.0	0.290932746612	0.9	0.0	0.149769395884	-0.318777678694	0.532405057337	0.15	1.0
11999	PNode18	0.0	0.288157889916	0.9	0.0	0.250587281139	0.643518720357	0.344244969578	0.15	1.0
11999	PNode18	0.0	0.500028616555	0.9	0.0	-0.662186807593	0.00680128369406	0.553597766025	0.15	-1.0
11999	PNode18	0.0	0.395067211469	0.9	0.0	0.475198068636	0.520795596491	0.512157406741	0.85	1.0
11999	PNode18	0.0	0.581135585031	0.9	0.0	0.820493342352	-0.176203868943	0.536714603843	0.15	1.0
11999	PNode18	0.0	0.506660596477	0.9	0.0	0.327963594779	0.768099673923	0.493209089077	0.85	1.0
11999	PNode18	0.0	0.553571429	0.9	0.0	-0.0452090811793	-0.494727037683	0.62652225233	0.15	1.0
11999	PNode18	0.0	0.482849655243	0.9	0.0	-0.439440598754	0.761245283507	0.576362706977	0.15	1.0
11999	PNode18	0.0	0.524800823	0.9	0.0	-0.278760155111	0.695184351531	0.532051443048	0.15	1.0
11999	PNode18	0.0	0.540029073127	0.9	0.0	-0.133704685721	-0.247796615612	0.577889517201	0.15	1.0
11999	PNode18	0.0	0.553571429	0.9	0.0	-0.0508925655776	0.429246377228	0.543380445759	0.15	1.0
11999	PNode18	0.0	0.553571429	0.9	0.0	-0.00648931612911	0.344410753468	0.529789208687	0.15	1.0
11999	PNode18	0.0	0.432471875471	0.9	0.0	-0.484748588477	-0.22517778823	0.849655519677	0.15	1.0
11999	PNode18	0.0	0.33337249204	0.9	0.0	0.674813494796	-0.00930676954408	0.282285900739	0.85	-1.0
11999	PNode18	0.0	0.583761975744	0.9	0.0	0.227591960777	-0.336001377251	0.445644820268	0.85	1.0
11999	PNode18	0.0	0.486371268565	0.9	0.0	0.605720567814	0.739577265723	0.653134736079	0.15	1.0
11999	PNode18	0.0	0.553571429	0.9	0.0	0.0509579222532	0.45416320754	0.459834817448	0.15	1.0
11999	PNode18	0.0	0.44655387083	0.9	0.0	0.331066010423	-0.0148894911015	0.487890955362	0.15	-1.0
11999	PNode18	0.0	0.611448011475	0.9	0.0	0.297930612279	-0.174684889955	0.696254760761	0.15	-1.0
11999	PNode18	0.0	0.553571429	0.9	0.0	0.297930612279	-0.174684889955	0.696254760761	0.15	1.0
11999	PNode18	0.0	0.530962192495	0.9	0.0	-0.140936290425	-0.852783929075	0.512494109303	0.15	1.0
11999	PNode18	0.0	0.710386284833	0.9	0.0	0.340593597108	0.537606228826	0.626427202627	0.15	-1.0
11999	PNode18	0.0	0.553571429	0.9	0.0	0.340593597108	0.537606228826	0.626427202627	0.15	1.0
11999	PNode18	0.0	0.594965225657	0.9	0.0	-0.358698816038	0.754130563684	0.187369944672	0.15	1.0
11999	PNode18	0.0	0.642298902634	0.9	0.0	0.43802442141	-0.332910054727	0.56805930837	0.15	-1.0
11999	PNode18	0.0	0.553571429	0.9	0.0	0.43802442141	-0.332910054727	0.56805930837	0.15	1.0
11999	PNode18	0.0	0.689775607213	0.9	0.0	-0.770952943497	-0.585011654696	0.344206729919	0.15	-1.0
11999	PNode18	0.0	0.553571429	0.9	0.0	-0.770952943497	-0.585011654696	0.344206729919	0.15	1.0
11999	PNode18	0.0	0.514314804201	0.9	0.0	0.450058248206	-0.26544980647	0.702402518695	0.15	1.0
11999	PNode18	0.0	0.501200758529	0.9	0.0	-0.622476484985	0.459256939701	0.460171350352	0.85	1.0
11999	PNode18	0.0	0.429767069493	0.9	0.0	0.181343046584	0.452115154244	0.514762173089	0.85	1.0
11999	PNode18	0.0	0.56612288293	0.9	0.0	0.499827302988	0.424448700294	0.843583236091	0.15	1.0
11999	PNode18	0.0	0.660986866207	0.9	0.0	0.531586587766	-0.597565058902	0.377895987256	0.15	1.0
11999	PNode18	0.0	0.637490399325	0.9	0.0	-0.437819311624	-0.128713685505	0.414446457494	0.85	-1.0
11999	PNode18	0.0	0.553571429	0.9	0.0	-0.437819311624	-0.128713685505	0.414446457494	0.85	1.0
11999	PNode18	0.0	0.440127804406	0.9	0.0	-0.16733042096	-0.34480220628	0.566717301371	0.15	1.0
11999	PNode18	0.0	0.395790323004	0.9	0.0	-0.0529525102323	0.131609238204	0.358480264765	0.15	1.0
11999	PNode18	0.0	0.555701431473	0.9	0.0	0.534341259239	-0.511403279321	0.72312489009	0.15	1.0
11999	PNode18	0.0	0.420291966194	0.9	0.0	-0.227591960777	-0.522422528895	0.577406389442	0.15	1.0
11999	PNode18	0.0	0.327420633157	0.9	0.0	0.301777219511	0.582235549237	0.168643951752	0.15	1.0
11999	PNode18	0.0	0.532051443048	0.9	0.0	-0.532745552272	-0.278760155111	0.794773722597	0.85	1.0
11999	PNode18	0.0	0.458824042826	0.9	0.0	0.150927440441	0.802700745602	0.246382035195	0.15	1.0
11999	PNode18	0.0	0.631849425748	0.9	0.0	0.00654939897128	-0.603170382538	0.523837080538	0.15	1.0
11999	PNode18	0.0	0.450424478063	0.9	0.0	0.173286956394	0.602642899189	0.249086811811	0.15	1.0
11999	PNode18	0.0	0.434811753069	0.9	0.0	0.159580236107	0.0228100032839	0.253487743531	0.15	-1.0
11999	PNode18	0.0	0.463100107098	0.9	0.0	0.568110839885	-0.653034136967	0.592380195384	0.15	1.0
11999	PNode18	0.0	0.289764400802	0.9	0.0	0.851867666242	0.519126183839	0.512157406741	0.15	1.0
11999	PNode18	0.0	0.553571429	0.9	0.0	-0.534341259239	-0.481016265168	0.72312489009	0.15	1.0
11999	PNode18	0.0	0.553255298655	0.9	0.0	-0.516298393582	0.24938032866	0.487978513523	0.15	1.0
11999	PNode18	0.0	0.553571429	0.9	0.0	-0.481720993521	0.585011654696	0.325312669187	0.15	1.0
11999	PNode18	0.0	0.638777208592	0.9	0.0	-0.622932759075	-0.685938403595	0.544769633418	0.15	1.0
11999	PNode18	0.0	0.300331308424	0.9	0.0	0.302811363954	-0.684045818673	0.554860753308	0.15	1.0
11999	PNode18	0.0	0.543834923569	0.9	0.0	0.690107725997	0.057227943542	0.571043611899	0.85	1.0
11999	PNode18	0.0	0.431056730979	0.9	0.0	-0.0879631648013	0.669705095624	0.504817563856	0.15	1.0
11999	PNode18	0.0	0.661962831755	0.9	0.0	0.0812585759899	-0.463809778134	0.504107253729	0.15	-1.0
11999	PNode18	0.0	0.553571429	0.9	0.0	0.0812585759899	-0.463809778134	0.504107253729	0.15	1.0
11999	PNode18	0.0	0.340482358705	0.9	0.0	0.59179843761	-0.659592210142	0.538414346261	0.15	1.0
11999	PNode18	0.0	0.36103321551	0.9	0.0	0.471076871449	0.213724026035	0.516827160051	0.85	1.0
11999	PNode18	0.0	0.522623464955	0.9	0.0	0.265937974303	0.457808604508	0.367302338472	0.15	1.0
11999	PNode18	0.0	0.553571429	0.9	0.0	0.85334547061	0.510602651137	0.498911588964	0.15	1.0
11999	PNode18	0.0	0.567646662479	0.9	0.0	0.502413963451	-0.585914123335	0.666035099705	0.85	1.0
11999	PNode18	0.0	0.312037929964	0.9	0.0	-0.394011605726	-0.673509749042	0.680368444766	0.15	1.0
11999	PNode18	0.0	0.552965382257	0.9	0.0	-0.0879631648013	0.403762142926	0.360848675494	0.15	1.0
11999	PNode18	0.0	0.408838304948	0.9	0.0	-0.305865932949	-0.0879631648013	0.562753383966	0.15	1.0
11999	PNode18	0.0	0.491760644398	0.9	0.0	-0.145944300501	-0.467592390754	0.403949586583	0.15	1.0
11999	PNode18	0.0	0.432503995648	0.9	0.0	-0.875616067994	-0.358698816038	0.554860753308	0.85	1.0
11999	PNode18	0.0	0.336960707745	0.9	0.0	-0.747211246874	-0.667007567293	0.509992610173	0.15	1.0
11999	PNode18	0.0	0.573196627953	0.9	0.0	0.773458323703	-0.140821636839	0.463981942285	0.85	1.0
11999	PNode18	0.0	0.556200088923	0.9	0.0	0.258123215691	-0.409009079857	0.44805530426	0.15	1.0
11999	PNode18	0.0	0.573810546555	0.9	0.0	0.60212695814	-0.109825394687	0.648648008114	0.15	1.0
11999	PNode18	0.0	0.53582250188	0.9	0.0	0.493207056484	-0.777396786916	0.78940740619	0.15	1.0
11999	PNode18	0.0	0.533356143154	0.9	0.0	0.660873649506	-0.716667019181	0.391679154026	0.15	1.0
11999	PNode18	0.0	0.191390590724	0.9	0.0	0.818168011408	-0.400878917171	0.472638209903	0.15	1.0
11999	PNode18	0.0	0.599639218855	0.9	0.0	0.360731440623	0.621934634914	0.68573541815	0.15	1.0
11999	PNode18	0.0	0.57778783393	0.9	0.0	-0.6419909575	-0.680100861523	0.364379535815	0.15	1.0
11999	PNode18	0.0	0.823705050729	0.9	0.0	0.650568539778	-0.489139486431	0.509541846783	0.15	-1.0
11999	PNode18	0.0	0.553571429	0.9	0.0	0.650568539778	-0.489139486431	0.509541846783	0.15	1.0
11999	PNode18	0.0	0.783361602774	0.9	0.0	0.53475698373	0.449584919999	0.739953343153	0.85	-1.0
11999	PNode18	0.0	0.553571429	0.9	0.0	0.53475698373	0.449584919999	0.739953343153	0.85	1.0
11999	PNode18	0.0	0.587507772654	0.9	0.0	-0.456150253333	-0.74315121638	0.752381765547	0.15	1.0
11999	PNode18	0.0	0.679769888541	0.9	0.0	-0.757121648279	0.458346442818	0.315149910115	0.15	-1.0
11999	PNode18	0.0	0.553571429	0.9	0.0	-0.757121648279	0.458346442818	0.315149910115	0.15	1.0
11999	PNode18	0.0	0.575036754724	0.9	0.0	0.0769688900684	-0.663206746991	0.593499869126	0.15	1.0
11999	PNode18	0.0	0.487306911179	0.9	0.0	-0.232755046474	0.168234504443	0.654601631754	0.15	1.0
11999	PNode18	0.0	0.61890359578	0.9	0.0	0.505115842223	0.299888424794	0.235406545975	0.85	1.0
11999	PNode18	0.0	0.416600525017	0.9	0.0	0.680361709784	0.182819469618	0.432471875471	0.85	1.0
11999	PNode18	0.0	0.34298138977	0.9	0.0	-0.667933610967	-0.639522405234	0.652492092229	0.15	1.0
11999	PNode18	0.0	0.482967374249	0.9	0.0	-0.829214145952	0.570393000796	0.494509765717	0.85	1.0
11999	PNode18	0.0	0.49670022558	0.9	0.0	0.599164130665	0.746434786919	0.222527779414	0.15	1.0
11999	PNode18	0.0	0.308572025135	0.9	0.0	0.40623756695	0.632291801231	0.724638078091	0.15	1.0
11999	PNode18	0.0	0.609408059588	0.9	0.0	-0.0983902517817	0.229419748188	0.181473941937	0.15	1.0
11999	PNode18	0.0	0.39853577877	0.9	0.0	-0.643518720357	-0.375292934743	0.627495814053	0.15	1.0
11999	PNode18	0.0	0.441678040528	0.9	0.0	-0.484411939672	-0.113115395626	0.803168114613	0.15	1.0
11999	PNode18	0.0	0.208387441416	0.9	0.0	0.28640235202	-0.333714324196	0.334272208682	0.85	1.0
11999	PNode18	0.0	0.362617341051	0.9	0.0	0.0441522762345	0.617445848828	0.167224158486	0.15	1.0
11999	PNode18	0.0	0.509231759354	0.9	0.0	-0.362441401763	0.598229866322	0.645850703898	0.85	1.0
11999	PNode18	0.0	0.553571429	0.9	0.0	0.482640233163	0.41592675958	0.61722124267	0.15	1.0
11999	PNode18	0.0	0.553571429	0.9	0.0	-0.5883234014	0.497809656063	0.517189235906	0.85	1.0
11999	PNode18	0.0	0.550085785044	0.9	0.0	-0.801898755807	-0.667253975307	0.583963599385	0.15	1.0
11999	PNode18	0.0	0.436950645603	0.9	0.0	0.501765740669	0.191655691318	0.767397611856	0.15	1.0
11999	PNode18	0.0	0.505980724981	0.9	0.0	0.780405842842	-0.240374098882	0.567749847195	0.15	1.0
11999	PNode18	0.0	0.553571429	0.9	0.0	-0.453587185434	0.484411939672	0.408334676984	0.15	1.0
11999	PNode18	0.0	0.530225915334	0.9	0.0	-0.377044504317	-0.388941564435	0.572069694141	0.15	1.0
11999	PNode18	0.0	0.483673205456	0.9	0.0	-0.0879631648013	-0.679683155555	0.456827934402	0.15	1.0
11999	PNode18	0.0	0.564932496296	0.9	0.0	0.422228199139	0.722508156178	0.622232950026	0.85	1.0
11999	PNode18	0.0	0.470748936829	0.9	0.0	0.368076083183	-0.585852242895	0.491528574381	0.85	1.0
11999	PNode18	0.0	0.553255298655	0.9	0.0	-0.042180101133	-0.24938032866	0.280472004632	0.15	1.0
11999	PNode18	0.0	0.442688130353	0.9	0.0	0.662256821975	-0.189649584097	0.41311654373	0.85	1.0
11999	PNode18	0.0	0.553571429	0.9	0.0	-0.627852019573	0.353631887642	0.540996013125	0.15	1.0
11999	PNode18	0.0	0.639735046666	0.9	0.0	-0.323727984908	0.139628795976	0.32551196071	0.85	-1.0
11999	PNode18	0.0	0.553571429	0.9	0.0	-0.323727984908	0.139628795976	0.32551196071	0.85	1.0
11999	PNode18	0.0	0.201276763026	0.9	0.0	0.661921582521	0.592750463015	0.442877320057	0.15	1.0
11999	PNode18	0.0	0.628823509216	0.9	0.0	-0.381071721619	-0.699868755252	0.484260767327	0.15	1.0
11999	PNode18	0.0	0.26694030564	0.9	0.0	-0.667781196553	0.327963594779	0.520327873451	0.85	1.0
11999	PNode18	0.0	0.509654567929	0.9	0.0	0.544147588237	-0.231827570647	0.402932411152	0.15	1.0
11999	PNode18	0.0	0.37341973314	0.9	0.0	0.562847619934	-0.783147516332	0.697535744745	0.85	1.0
11999	PNode18	0.0	0.553571429	0.9	0.0	0.875148472424	0.237892523438	0.51721707936	0.15	1.0
11999	PNode18	0.0	0.371798288764	0.9	0.0	-0.281365319034	-0.281896965159	0.649270810132	0.15	1.0
11999	PNode18	0.0	0.305954048283	0.9	0.0	0.555555555556	0.653945807337	0.579641224268	0.85	1.0
11999	PNode18	0.0	0.638566789367	0.9	0.0	0.184338483681	0.555555555556	0.527792993297	0.15	1.0
11999	PNode18	0.0	0.608337230135	0.9	0.0	0.229288253215	-0.452868527851	0.665877128562	0.85	1.0
11999	PNode18	0.0	0.446428571429	0.9	0.0	0.498633959029	0.655927189557	0.404558943363	0.15	1.0
11999	PNode18	0.0	0.474551314474	0.9	0.0	0.789066669404	0.570603397965	0.517189235906	0.15	1.0
11999	PNode18	0.0	0.291450944037	0.9	0.0	0.799343661795	-0.364676324192	0.578575491618	0.15	1.0
11999	PNode18	0.0	0.488940821065	0.9	0.0	-0.262351919841	0.225402013276	0.225831093735	0.15	1.0
11999	PNode18	0.0	0.596551372078	0.9	0.0	-0.299825001922	-0.383277664529	0.416435135152	0.15	1.0
11999	PNode18	0.0	0.66382060298	0.9	0.0	-0.376406672837	0.555555555556	0.620054996113	0.15	1.0
11999	PNode18	0.0	0.219872401083	0.9	0.0	0.560433790648	0.378007474184	0.491267390133	0.15	1.0
11999	PNode18	0.0	0.580021449327	0.9	0.0	0.389220270213	-0.636651408911	0.711943988704	0.85	1.0
11999	PNode18	0.0	0.618495377124	0.9	0.0	0.52153796666	-0.312644214839	0.66894061279	0.15	1.0
11999	PNode18	0.0	0.553571429	0.9	0.0	-0.565659943971	0.391649419231	0.470268157001	0.15	1.0
11999	PNode18	0.0	0.553571429	0.9	0.0	0.0259463497243	0.58093689858	0.530198629775	0.85	1.0
11999	PNode18	0.0	0.581818382359	0.9	0.0	-0.68365240642	0.257997104924	0.488561912151	0.15	1.0
11999	PNode18	0.0	0.573733836481	0.9	0.0	0.267135076907	-0.216060015666	0.655791439656	0.15	1.0
11999	PNode18	0.0	0.513811136191	0.9	0.0	-0.0371949074591	0.202340004124	0.333959466439	0.85	1.0
11999	PNode18	0.0	0.38226160792	0.9	0.0	-0.0992949905371	0.3693042715	0.434011539729	0.15	1.0
11999	PNode18	0.0	0.592106229229	0.9	0.0	0.173286956394	0.351798007633	0.273629107202	0.85	1.0
11999	PNode18	0.0	0.498538797464	0.9	0.0	0.528706862783	0.324914668391	0.21370059189	0.15	1.0
11999	PNode18	0.0	0.490773736898	0.9	0.0	-0.468667397985	0.633829527727	0.567981956144	0.15	1.0
11999	PNode18	0.0	0.432503995648	0.9	0.0	0.809883507109	0.358698816038	0.514957797712	0.15	1.0
11999	PNode18	0.0	0.196484720969	0.9	0.0	-0.758386437673	0.441839178508	0.565502069904	0.15	1.0
11999	PNode18	0.0	0.276192269072	0.9	0.0	-0.505115842223	0.65379660774	0.82616348768	0.85	1.0
11999	PNode18	0.0	0.265100066673	0.9	0.0	-0.669504768441	0.154676638385	0.563220922519	0.15	1.0
11999	PNode18	0.0	0.597738678514	0.9	0.0	0.200399390878	-0.296429618073	0.370714343589	0.15	1.0
11999	PNode18	0.0	0.553571429	0.9	0.0	0.303298411365	-0.394619299135	0.339092414402	0.15	1.0
11999	PNode18	0.0	0.603915545271	0.9	0.0	-0.522679002888	0.212857523444	0.243315029886	0.15	1.0
11999	PNode18	0.0	0.582677256137	0.9	0.0	0.293605313867	0.683534846956	0.648509539039	0.15	1.0
11999	PNode18	0.0	0.623951642388	0.9	0.0	-0.495964706406	0.348240628136	0.831340921858	0.15	1.0
11999	PNode18	0.0	0.188235940456	0.9	0.0	-0.59811588706	0.389318418583	0.580907837909	0.15	1.0
11999	PNode18	0.0	0.502655704633	0.9	0.0	0.794555483651	-0.376461214845	0.541210696374	0.15	1.0
11999	PNode18	0.0	0.556331253375	0.9	0.0	0.364676324192	-0.431489523603	0.49670022558	0.15	1.0
11999	PNode18	0.0	0.480490421178	0.9	0.0	-0.58351548825	-0.296546256756	0.62652225233	0.85	1.0
11999	PNode18	0.0	0.445519319113	0.9	0.0	0.413152831436	-0.587207039648	0.722914510004	0.85	1.0
11999	PNode18	0.0	0.541210696374	0.9	0.0	0.685441781653	-0.316555627461	0.48028354634	0.15	1.0
11999	PNode18	0.0	0.252535453215	0.9	0.0	0.0627112081483	0.434785098373	0.41877890467	0.15	1.0
11999	PNode18	0.0	0.410848030201	0.9	0.0	0.25225714419	0.184850318108	0.204906305338	0.85	1.0
11999	PNode18	0.0	0.504220957748	0.9	0.0	0.555555555556	0.758973844367	0.377610715357	0.15	1.0
11999	PNode18	0.0	0.338318397912	0.9	0.0	0.759689356264	-0.633829527727	0.442940369139	0.85	1.0
11999	PNode18	0.0	0.543834923569	0.9	0.0	-0.14311327667	-0.057227943542	0.591881996574	0.85	1.0
11999	PNode18	0.0	0.401573085849	0.9	0.0	0.732102190731	0.382268599161	0.545516454736	0.85	1.0
11999	PNode18	0.0	0.631637064645	0.9	0.0	-0.410116990408	-0.325455253156	0.684964605733	0.85	1.0
11999	PNode18	0.0	0.367520840897	0.9	0.0	0.702656136682	0.18378107221	0.349832276031	0.15	1.0
11999	PNode18	0.0	0.447211237811	0.9	0.0	-0.0314173380224	-0.417989014095	0.417195506169	0.15	1.0
11999	PNode18	0.0	0.47191919901	0.9	0.0	0.144058938276	0.324777331182	0.440127804406	0.15	1.0
11999	PNode18	0.0	0.575649047167	0.9	0.0	-0.394379663904	-0.241009015752	0.477201522292	0.15	1.0
11999	PNode18	0.0	0.411883407642	0.9	0.0	-0.595703032103	0.521897395137	0.622925679944	0.15	1.0
11999	PNode18	0.0	0.636975062348	0.9	0.0	0.650810784735	-0.322982301753	0.539302936139	0.15	-1.0
11999	PNode18	0.0	0.553571429	0.9	0.0	0.650810784735	-0.322982301753	0.539302936139	0.15	1.0
11999	PNode18	0.0	0.31018467565	0.9	0.0	-0.483931026078	-0.695184351531	0.672081808401	0.15	1.0
11999	PNode18	0.0	0.344244969578	0.9	0.0	0.51202944201	0.52984487309	0.770728812145	0.15	1.0
11999	PNode18	0.0	0.553571429	0.9	0.0	-0.408001541605	0.357625440075	0.470358333092	0.15	1.0
11999	PNode18	0.0	0.334623786007	0.9	0.0	0.436189275789	-0.470034344123	0.457350661071	0.15	1.0
11999	PNode18	0.0	0.589360740324	0.9	0.0	0.4536724809	0.306696161796	0.43809650997	0.15	1.0
11999	PNode18	0.0	0.39299555161	0.9	0.0	-0.632827608705	0.672374348247	0.537254681535	0.15	1.0
11999	PNode18	0.0	0.508780449694	0.9	0.0	-0.456088467483	0.843203250132	0.811905523078	0.15	1.0
11999	PNode18	0.0	0.50478916698	0.9	0.0	0.463262501413	-0.517357307915	0.819108802694	0.85	1.0
11999	PNode18	0.0	0.447680318816	0.9	0.0	0.503140607604	-0.211144802087	0.847458495933	0.15	1.0
11999	PNode18	0.0	0.394515585955	0.9	0.0	-0.720436308184	-0.567150505503	0.48226071452	0.85	1.0
11999	PNode18	0.0	0.497620196726	0.9	0.0	0.359458595878	-0.657292738638	0.419206940173	0.85	1.0
11999	PNode18	0.0	0.345848194994	0.9	0.0	0.170019749594	0.164500385949	0.506065749355	0.85	1.0
11999	PNode18	0.0	0.610792934471	0.9	0.0	-0.175290790418	-0.465568489832	0.390567971262	0.15	1.0
11999	PNode18	0.0	0.553571429	0.9	0.0	-0.278309395062	0.545204753402	0.222527779414	0.85	1.0
11999	PNode18	0.0	0.340250993425	0.9	0.0	-0.223618096389	0.233389825217	0.551064650288	0.15	1.0
11999	PNode18	0.0	0.575954991104	0.9	0.0	0.47869346834	0.202681886795	0.812419173429	0.85	1.0
11999	PNode18	0.0	0.411015163355	0.9	0.0	0.0757064505886	0.679761602411	0.605335377456	0.15	1.0
11999	PNode18	0.0	0.492427355085	0.9	0.0	-0.606323812898	-0.51170699562	0.526586813787	0.85	1.0
11999	PNode18	0.0	0.476101183779	0.9	0.0	0.0844786841066	0.378628724071	0.480460872001	0.15	1.0
11999	PNode18	0.0	0.625	0.9	0.0	0.521077748571	0.455183921554	0.572044060652	0.15	1.0
11999	PNode18	0.0	0.676458644548	0.9	0.0	0.680100861523	-0.551812969831	0.57778783393	0.15	-1.0
11999	PNode18	0.0	0.553571429	0.9	0.0	0.680100861523	-0.551812969831	0.57778783393	0.15	1.0
11999	PNode18	0.0	0.399083124221	0.9	0.0	-0.302252912313	-0.526817097666	0.613482282519	0.85	1.0
11999	PNode18	0.0	0.507085141284	0.9	0.0	0.25225714419	0.753065439211	0.528860229723	0.15	1.0
11999	PNode18	0.0	0.553571429	0.9	0.0	-0.233389825217	-0.247606107859	0.340250993425	0.15	1.0
11999	PNode18	0.0	0.551117521192	0.9	0.0	-0.251854436973	-0.151950812561	0.649386088446	0.15	1.0
11999	PNode18	0.0	0.553571429	0.9	0.0	-0.668937274702	0.140725469985	0.592977573824	0.15	1.0
11999	PNode18	0.0	0.269000143167	0.9	0.0	0.348240628136	-0.400878917171	0.623951642388	0.15	1.0
11999	PNode18	0.0	0.482142857143	0.9	0.0	0.108460477999	0.0	0.543487409761	0.15	-1.0
11999	PNode18	0.0	0.575445009666	0.9	0.0	0.573089698104	0.551268606209	0.390394130019	0.15	1.0
11999	PNode18	0.0	0.601805129305	0.9	0.0	-0.190397053318	-0.0292129381661	0.597219474119	0.15	-1.0
11999	PNode18	0.0	0.553571429	0.9	0.0	-0.190397053318	-0.0292129381661	0.597219474119	0.15	-1.0
11999	PNode18	0.0	0.5217117448	0.9	0.0	-0.123555306191	-0.676957579805	0.39472251493	0.85	1.0
11999	PNode18	0.0	0.640341830182	0.9	0.0	0.883519150334	-0.167907932304	0.539760226821	0.15	-1.0
11999	PNode18	0.0	0.553571429	0.9	0.0	0.883519150334	-0.167907932304	0.539760226821	0.15	1.0
11999	PNode18	0.0	0.325790818846	0.9	0.0	-0.445657826754	0.302560558397	0.234555874769	0.85	1.0
11999	PNode18	0.0	0.6779715228	0.9	0.0	-0.457165303774	0.259343079392	0.305954048283	0.15	-1.0
11999	PNode18	0.0	0.553571429	0.9	0.0	-0.457165303774	0.259343079392	0.305954048283	0.15	1.0
11999	PNode18	0.0	0.581464422377	0.9	0.0	0.0789431822868	-0.504510229954	0.575751043448	0.15	1.0
11999	PNode18	0.0	0.461485016202	0.9	0.0	0.0494342338359	0.347427175707	0.477647027429	0.15	1.0
11999	PNode18	0.0	0.553571429	0.9	0.0	-0.383917443034	0.595827573795	0.318887457784	0.15	1.0
11999	PNode18	0.0	0.519967576	0.9	0.0	-0.803027770684	-0.342698032112	0.544048687697	0.15	1.0
11999	PNode18	0.0	0.594444003037	0.9	0.0	-0.734704438274	-0.3174068368	0.620054996113	0.15	1.0
11999	PNode18	0.0	0.695733106292	0.9	0.0	0.165078172468	-0.61042106323	0.627377154999	0.15	-1.0
11999	PNode18	0.0	0.553571429	0.9	0.0	0.165078172468	-0.61042106323	0.627377154999	0.15	1.0
11999	PNode18	0.0	0.377895987256	0.9	0.0	0.215036676447	0.0764026662129	0.517272762614	0.15	1.0
11999	PNode18	0.0	0.608020546886	0.9	0.0	0.502271265187	-0.621167230493	0.328371916023	0.15	1.0
11999	PNode18	0.0	0.553571429	0.9	0.0	0.373888004314	-0.202340004124	0.742589079598	0.15	1.0
11999	PNode18	0.0	0.64288039399	0.9	0.0	0.0	0.567278603166	0.238095238095	0.15	1.0
11999	PNode18	0.0	0.356137331221	0.9	0.0	0.204617379715	0.15179341263	0.402626871776	0.15	1.0
11999	PNode18	0.0	0.540834954853	0.9	0.0	-0.41592675958	-0.187215566663	0.181414987241	0.15	1.0
11999	PNode18	0.0	0.553571429	0.9	0.0	0.494200731752	0.442016593931	0.852668316507	0.85	1.0
11999	PNode18	0.0	0.517634585058	0.9	0.0	0.446829719822	-0.513445124008	0.183354423711	0.15	1.0
11999	PNode18	0.0	0.586679880668	0.9	0.0	0.442440159929	0.618920425184	0.806102518918	0.15	1.0
11999	PNode18	0.0	0.664612213039	0.9	0.0	0.37900892038	0.475603400761	0.323995096808	0.85	-1.0
11999	PNode18	0.0	0.553571429	0.9	0.0	0.37900892038	0.475603400761	0.323995096808	0.85	1.0
11999	PNode18	0.0	0.465893072172	0.9	0.0	0.0132200549974	0.385971996227	0.517968392598	0.15	1.0
11999	PNode18	0.0	0.646429497148	0.9	0.0	-0.450635075562	0.657027274678	0.251198131907	0.85	1.0
11999	PNode18	0.0	0.569836012342	0.9	0.0	-0.563503033508	0.0796238852326	0.630196141789	0.15	1.0
11999	PNode18	0.0	0.378252347005	0.9	0.0	-0.433281688729	0.591491825014	0.419305669266	0.15	1.0
11999	PNode18	0.0	0.33932436448	0.9	0.0	-0.441078990405	-0.646741273472	0.716832841978	0.85	1.0
11999	PNode18	0.0	0.754493438712	0.9	0.0	-0.683880548745	-0.504387361221	0.604136046775	0.15	-1.0
11999	PNode18	0.0	0.553571429	0.9	0.0	-0.683880548745	-0.504387361221	0.604136046775	0.15	1.0
11999	PNode18	0.0	0.495519499959	0.9	0.0	-0.150264916155	0.545866362926	0.191504701446	0.85	1.0
11999	PNode18	0.0	0.537767344006	0.9	0.0	0.379450465456	0.573688897708	0.649639639882	0.15	1.0
11999	PNode18	0.0	0.575547035909	0.9	0.0	0.414025271411	0.22184123136	0.495086959998	0.15	1.0
11999	PNode18	0.0	0.588059162139	0.9	0.0	0.530431673372	0.555555555556	0.710642546602	0.85	1.0
11999	PNode18	0.0	0.610962825695	0.9	0.0	-0.481370296821	-0.395128187754	0.524250289815	0.85	1.0
11999	PNode18	0.0	0.582348987407	0.9	0.0	0.417274101384	0.370943645022	0.747673009832	0.15	1.0
11999	PNode18	0.0	0.351529413716	0.9	0.0	-0.0340630575138	-0.227591960777	0.375573390727	0.85	1.0
11999	PNode18	0.0	0.360774839615	0.9	0.0	-0.644900271926	-0.555555555556	0.415541145698	0.85	1.0
11999	PNode18	0.0	0.665628823941	0.9	0.0	-0.110365000039	-0.669879278163	0.417228541323	0.15	1.0
11999	PNode18	0.0	0.339749301727	0.9	0.0	-0.367220756752	0.562044871685	0.744765711127	0.15	1.0
11999	PNode18	0.0	0.216668777433	0.9	0.0	0.62542570173	-0.457692263177	0.350436405636	0.15	1.0
11999	PNode18	0.0	0.35310790512	0.9	0.0	-0.74748552189	0.695184351531	0.462003553271	0.15	1.0
11999	PNode18	0.0	0.518857692061	0.9	0.0	-0.364461257217	-0.616303901684	0.448710932841	0.15	1.0
11999	PNode18	0.0	0.332156991863	0.9	0.0	-0.423100502494	0.382268599161	0.694884704714	0.15	1.0
11999	PNode18	0.0	0.553571429	0.9	0.0	-0.41220387131	0.130382848039	0.508300577441	0.85	1.0
11999	PNode18	0.0	0.329004982537	0.9	0.0	-0.381378844533	-0.239479166032	0.692508827673	0.15	1.0
11999	PNode18	0.0	0.557850903611	0.9	0.0	0.385412379807	-0.422827567985	0.570016001723	0.15	1.0
11999	PNode18	0.0	0.530825907807	0.9	0.0	-0.486762990075	0.759963844144	0.227726468182	0.15	1.0
11999	PNode18	0.0	0.286282863958	0.9	0.0	0.655927189557	-0.369797631701	0.238095238095	0.85	1.0
11999	PNode18	0.0	0.553571429	0.9	0.0	-0.661347430615	-0.527023068484	0.502399196959	0.15	1.0
11999	PNode18	0.0	0.558609450796	0.9	0.0	-0.441839178508	0.280691418303	0.512017060986	0.85	1.0
11999	PNode18	0.0	0.448024064944	0.9	0.0	-0.362121476275	0.48191991233	0.597862243185	0.15	1.0
11999	PNode18	0.0	0.329084052969	0.9	0.0	0.245335503941	-0.622090268642	0.406281615803	0.15	1.0
11999	PNode18	0.0	0.296980803691	0.9	0.0	-0.576354127381	0.418733710333	0.739953343153	0.85	1.0
11999	PNode18	0.0	0.445299624936	0.9	0.0	-0.461103074625	-0.645481773511	0.450019923939	0.15	1.0
11999	PNode18	0.0	0.47963290289	0.9	0.0	0.318469462895	0.214247217732	0.277623978132	0.85	1.0
11999	PNode18	0.0	0.340675074158	0.9	0.0	0.450058248206	-0.0550074423867	0.702402518695	0.85	1.0
11999	PNode18	0.0	0.553571429	0.9	0.0	-0.456260565018	-0.516099530696	0.663096144089	0.15	1.0
11999	PNode18	0.0	0.495086959998	0.9	0.0	0.453384039172	-0.0411586501424	0.816669695863	0.15	-1.0
11999	PNode18	0.0	0.553571429	0.9	0.0	0.777621415458	0.541550350235	0.562441513398	0.15	1.0
11999	PNode18	0.0	0.638753831564	0.9	0.0	-0.0114079673182	0.539839135555	0.250047999951	0.15	1.0
11999	PNode18	0.0	0.57165944416	0.9	0.0	0.0362428820546	-0.637637594855	0.578296102015	0.15	1.0
11999	PNode18	0.0	0.61386912255	0.9	0.0	0.377294311943	0.258485003386	0.606776839844	0.15	1.0
11999	PNode18	0.0	0.555333763727	0.9	0.0	0.130382848039	-0.255239811863	0.595436480387	0.15	1.0
11999	PNode18	0.0	0.485316939207	0.9	0.0	-0.645101168058	0.340426715552	0.347673709141	0.15	1.0
11999	PNode18	0.0	0.214763687924	0.9	0.0	0.176980684192	0.618069343865	0.433883398124	0.85	1.0
11999	PNode18	0.0	0.241305020659	0.9	0.0	0.477281583384	-0.27566242442	0.262090728419	0.15	1.0
11999	PNode18	0.0	0.32387512315	0.9	0.0	-0.683317087506	0.508468211922	0.372987870427	0.15	1.0
11999	PNode18	0.0	0.450921996644	0.9	0.0	-0.873557058296	0.0888794276342	0.549238042645	0.15	1.0
11999	PNode18	0.0	0.626427202627	0.9	0.0	0.131471847645	0.340593597108	0.58958577078	0.15	1.0
11999	PNode18	0.0	0.317591069883	0.9	0.0	0.369122244921	0.340901578063	0.430251047384	0.15	1.0
11999	PNode18	0.0	0.735880902981	0.9	0.0	0.124660547952	-0.579937456924	0.322312497903	0.15	-1.0
11999	PNode18	0.0	0.553571429	0.9	0.0	0.124660547952	-0.579937456924	0.322312497903	0.15	1.0
11999	PNode18	0.0	0.325153171591	0.9	0.0	-0.546124710359	-0.710959177551	0.512353838389	0.15	1.0
11999	PNode18	0.0	0.511595836322	0.9	0.0	-0.357232290214	-0.872962392356	0.717531942508	0.85	1.0
11999	PNode18	0.0	0.488124415732	0.9	0.0	-0.396941915324	0.462118555289	0.373095871633	0.15	1.0
11999	PNode18	0.0	0.203096645898	0.9	0.0	0.193764495598	-0.19865205369	0.629084029607	0.15	1.0
11999	PNode18	0.0	0.330898837832	0.9	0.0	0.264786868236	0.770592232003	0.418152700827	0.85	1.0
11999	PNode18	0.0	0.383214835946	0.9	0.0	-0.547330864566	-0.723091782533	0.604943977727	0.15	1.0
11999	PNode18	0.0	0.222060685283	0.9	0.0	-0.579660605548	0.361096621439	0.622161251359	0.85	1.0
11999	PNode18	0.0	0.553571429	0.9	0.0	0.731059919428	-0.266073301507	0.5322418746	0.15	1.0
11999	PNode18	0.0	0.321790391935	0.9	0.0	0.292625258654	-0.426523050074	0.680545708711	0.15	1.0
11999	PNode18	0.0	0.553571429	0.9	0.0	-0.320854735603	0.229373708401	0.410714285714	0.15	1.0
11999	PNode18	0.0	0.331646290385	0.9	0.0	0.153406702042	0.41592675958	0.600181307952	0.85	1.0
11999	PNode18	0.0	0.384694049801	0.9	0.0	0.532447593021	0.436793483954	0.525268406354	0.15	1.0
11999	PNode18	0.0	0.553571429	0.9	0.0	-0.307949447697	0.33543537993	0.445519319113	0.15	1.0
11999	PNode18	0.0	0.174978310363	0.9	0.0	-0.530890372142	-0.392092346726	0.605335377456	0.15	1.0
11999	PNode18	0.0	0.5	0.9	0.0	0.642689464813	0.0	0.326268455102	0.15	-1.0
11999	PNode18	0.0	0.416004882244	0.9	0.0	-0.578613319005	-0.398464744624	0.655814302673	0.15	1.0
11999	PNode18	0.0	0.419470177533	0.9	0.0	-0.645949485024	-0.289482254049	0.640551757698	0.15	1.0
11999	PNode18	0.0	0.425879772151	0.9	0.0	0.0668131994113	0.495383994788	0.448960497052	0.15	1.0
11999	PNode18	0.0	0.66747793615	0.9	0.0	0.680361709784	-0.623796791996	0.432471875471	0.85	1.0
11999	PNode18	0.0	0.288157889916	0.9	0.0	-0.686386853642	0.467592390754	0.544662876059	0.15	1.0
11999	PNode18	0.0	0.604111549928	0.9	0.0	-0.538849482052	-0.40623756695	0.415640551674	0.15	1.0
11999	PNode18	0.0	0.63961830189	0.9	0.0	0.559741041043	0.327963594779	0.592280583536	0.15	-1.0
11999	PNode18	0.0	0.553571429	0.9	0.0	0.559741041043	0.327963594779	0.592280583536	0.15	1.0
11999	PNode18	0.0	0.566407234323	0.9	0.0	-0.558940004861	-0.283982673992	0.760636957746	0.85	1.0
11999	PNode18	0.0	0.634369577236	0.9	0.0	-0.420505047121	0.559507220047	0.391089139549	0.85	1.0
11999	PNode18	0.0	0.527765605105	0.9	0.0	0.526699927665	-0.0782739721717	0.706597184971	0.15	1.0
11999	PNode18	0.0	0.512297721298	0.9	0.0	-0.404138595952	-0.100371634002	0.178154469829	0.15	1.0
11999	PNode18	0.0	0.541773908071	0.9	0.0	0.253778336044	0.442440159929	0.44038119761	0.15	1.0
11999	PNode18	0.0	0.405370317655	0.9	0.0	-0.542040856891	-0.786738121547	0.541881132074	0.15	1.0
11999	PNode18	0.0	0.460293677485	0.9	0.0	0.0425603315045	0.0582068459099	0.375895631095	0.15	1.0
11999	PNode18	0.0	0.472129000854	0.9	0.0	-0.437448321115	0.308850536767	0.260833687753	0.15	1.0
11999	PNode18	0.0	0.25172408339	0.9	0.0	-0.214247217732	-0.587685953117	0.28007272891	0.15	1.0
11999	PNode18	0.0	0.428474370281	0.9	0.0	0.131106855261	-0.147169611604	0.36544108917	0.15	1.0
11999	PNode18	0.0	0.259010583529	0.9	0.0	-0.186925726359	0.698273219682	0.405099999113	0.15	1.0
11999	PNode18	0.0	0.449801967933	0.9	0.0	-0.241528192834	-0.164310848091	0.645317827023	0.15	1.0
11999	PNode18	0.0	0.268543347526	0.9	0.0	-0.592750463015	-0.524820334296	0.521601145099	0.15	1.0
11999	PNode18	0.0	0.553571429	0.9	0.0	-0.283320213345	0.454231896149	0.598455057395	0.15	1.0
11999	PNode18	0.0	0.327182495571	0.9	0.0	0.670802450162	-0.568900298601	0.503709126174	0.15	1.0
11999	PNode18	0.0	0.471199312253	0.9	0.0	-0.062513788309	0.270477837385	0.353032858545	0.15	1.0
11999	PNode18	0.0	0.158169786243	0.9	0.0	-0.308522297671	0.184338483681	0.655882887675	0.15	1.0
11999	PNode18	0.0	0.536957693828	0.9	0.0	0.455183921554	0.446198039955	0.357142857143	0.15	1.0
11999	PNode18	0.0	0.406146708447	0.9	0.0	-0.147353117818	-0.675170204449	0.629273442016	0.15	1.0
11999	PNode18	0.0	0.554808176099	0.9	0.0	0.285001650282	0.715982923357	0.275654039288	0.15	1.0
11999	PNode18	0.0	0.563921630234	0.9	0.0	-0.339190513905	0.736243567899	0.551857276362	0.85	1.0
11999	PNode18	0.0	0.363058493603	0.9	0.0	0.247692255137	-0.704873544161	0.6096998309	0.15	1.0
11999	PNode18	0.0	0.553571429	0.9	0.0	0.767772648841	0.492001421924	0.493353745124	0.15	1.0
11999	PNode18	0.0	0.461851090417	0.9	0.0	0.534383577833	-0.545304747083	0.584165165218	0.15	1.0
11999	PNode18	0.0	0.171706541472	0.9	0.0	-0.856565578727	0.282599403164	0.523285721346	0.85	1.0
11999	PNode18	0.0	0.58022415149	0.9	0.0	0.184717966103	0.145533127149	0.595659597857	0.15	1.0
11999	PNode18	0.0	0.533274675847	0.9	0.0	0.41592675958	-0.797581335195	0.181414987241	0.15	1.0
11999	PNode18	0.0	0.458824042826	0.9	0.0	-0.0950129842224	-0.685079963115	0.325432254824	0.15	1.0
11999	PNode18	0.0	0.553571429	0.9	0.0	0.48505440571	0.493120388487	0.642345438286	0.15	1.0
11999	PNode18	0.0	0.550826679581	0.9	0.0	0.291720712724	-0.27732361098	0.60862943081	0.85	1.0
11999	PNode18	0.0	0.314292255314	0.9	0.0	0.279893131136	0.45907045004	0.390567971262	0.15	1.0
11999	PNode18	0.0	0.260600445693	0.9	0.0	0.0392571619736	0.508468211922	0.202876601976	0.15	1.0
11999	PNode18	0.0	0.637630884861	0.9	0.0	-0.4052906394	-0.298093110622	0.539733336156	0.15	-1.0
11999	PNode18	0.0	0.553571429	0.9	0.0	-0.4052906394	-0.298093110622	0.539733336156	0.15	1.0
11999	PNode18	0.0	0.553571429	0.9	0.0	-0.603709799289	0.127714289895	0.623450768072	0.15	1.0
11999	PNode18	0.0	0.516297601091	0.9	0.0	-0.538914971849	0.187753570255	0.59667514173	0.15	1.0
11999	PNode18	0.0	0.656248571884	0.9	0.0	-0.115246894607	-0.636373960288	0.321307898528	0.85	1.0
11999	PNode18	0.0	0.306079079421	0.9	0.0	0.33451299375	0.562558844566	0.45596593694	0.15	1.0
11999	PNode18	0.0	0.38973299158	0.9	0.0	0.68426924106	-0.0746184217561	0.415905543969	0.85	1.0
11999	PNode18	0.0	0.226241786007	0.9	0.0	-0.609860559938	-0.442989348719	0.539491270759	0.15	1.0
11999	PNode18	0.0	0.402762689142	0.9	0.0	-0.448479332742	-0.255667130761	0.383355901095	0.15	1.0
11999	PNode18	0.0	0.647030978247	0.9	0.0	0.399893743292	-0.54778273323	0.536525471536	0.15	1.0
11999	PNode18	0.0	0.349832276031	0.9	0.0	0.201679541848	-0.356082223894	0.600476820774	0.15	1.0
11999	PNode18	0.0	0.553387037515	0.9	0.0	-0.361851939147	0.132260778059	0.270048737986	0.15	1.0
11999	PNode18	0.0	0.447961581148	0.9	0.0	0.00637239789833	0.0520268953424	0.541693478649	0.85	1.0
11999	PNode18	0.0	0.582652010149	0.9	0.0	0.149717173271	-0.405941230435	0.617630167368	0.15	1.0
11999	PNode18	0.0	0.62652225233	0.9	0.0	-0.603438574109	0.0452090811793	0.378750822073	0.15	-1.0
11999	PNode18	0.0	0.553571429	0.9	0.0	-0.603438574109	0.0452090811793	0.378750822073	0.15	-1.0
11999	PNode18	0.0	0.505129844234	0.9	0.0	0.144920632182	-0.680216103507	0.349076017644	0.15	1.0
11999	PNode18	0.0	0.554518928091	0.9	0.0	-0.315555125578	-0.693450641026	0.639735046666	0.15	1.0
11999	PNode18	0.0	0.29783157845	0.9	0.0	-0.264786868236	0.53412710384	0.418152700827	0.85	1.0
11999	PNode18	0.0	0.701798447707	0.9	0.0	-0.436793483954	0.566437086378	0.384694049801	0.85	-1.0
11999	PNode18	0.0	0.553571429	0.9	0.0	-0.436793483954	0.566437086378	0.384694049801	0.85	1.0
11999	PNode18	0.0	0.72341933395	0.9	0.0	-0.413287386372	0.527276419227	0.765837425436	0.85	-1.0
11999	PNode18	0.0	0.553571429	0.9	0.0	-0.413287386372	0.527276419227	0.765837425436	0.85	1.0
11999	PNode18	0.0	0.393410553572	0.9	0.0	0.158077358831	-0.731660645655	0.283827887119	0.85	1.0
11999	PNode18	0.0	0.465893072172	0.9	0.0	0.623796791996	-0.725139114884	0.66747793615	0.15	1.0
11999	PNode18	0.0	0.673781817048	0.9	0.0	0.158325902497	0.249427347757	0.631825833035	0.15	-1.0
11999	PNode18	0.0	0.553571429	0.9	0.0	0.158325902497	0.249427347757	0.631825833035	0.15	1.0
11999	PNode18	0.0	0.203755877689	0.9	0.0	-0.455183921554	-0.281264268278	0.744047619048	0.15	1.0
11999	PNode18	0.0	0.527820380328	0.9	0.0	-0.261950241689	-0.124309416036	0.423697252384	0.15	1.0
11999	PNode18	0.0	0.627116038659	0.9	0.0	-0.0434747330484	0.259722358339	0.268589051313	0.15	-1.0
11999	PNode18	0.0	0.553571429	0.9	0.0	-0.0434747330484	0.259722358339	0.268589051313	0.15	1.0
11999	PNode18	0.0	0.68542718181	0.9	0.0	-0.609860559938	-0.391244707464	0.210221825856	0.15	-1.0
11999	PNode18	0.0	0.553571429	0.9	0.0	-0.609860559938	-0.391244707464	0.210221825856	0.15	1.0
11999	PNode18	0.0	0.209629468864	0.9	0.0	0.0449529044185	-0.437247596006	0.537038703808	0.15	1.0
11999	PNode18	0.0	0.672081808401	0.9	0.0	0.288074583663	0.627180085033	0.21156414469	0.15	1.0
11999	PNode18	0.0	0.560932122547	0.9	0.0	-0.535635321816	-0.28640235202	0.478863047802	0.15	1.0
11999	PNode18	0.0	0.553571429	0.9	0.0	0.460079035815	0.211952746113	0.569064096029	0.85	1.0
11999	PNode18	0.0	0.553571429	0.9	0.0	-0.49641813923	0.181190038734	0.636998494376	0.15	1.0
11999	PNode18	0.0	0.775811248199	0.9	0.0	0.517010735036	-0.42506183678	0.344627192718	0.15	-1.0
11999	PNode18	0.0	0.553571429	0.9	0.0	0.517010735036	-0.42506183678	0.344627192718	0.15	1.0
11999	PNode18	0.0	0.553571429	0.9	0.0	-0.551268606209	-0.41183015305	0.575445009666	0.15	1.0
11999	PNode18	0.0	0.553571429	0.9	0.0	0.0125182558369	-0.48191991233	0.553676772197	0.15	1.0
11999	PNode18	0.0	0.430444519183	0.9	0.0	0.500035165251	-0.62066538219	0.256707478621	0.15	1.0
11999	PNode18	0.0	0.201497905187	0.9	0.0	-0.161057247691	-0.386773986022	0.381978821703	0.85	1.0
11999	PNode18	0.0	0.2639916796	0.9	0.0	-0.555555555556	0.406780433538	0.200834020061	0.85	1.0
11999	PNode18	0.0	0.357477560943	0.9	0.0	-0.753691417192	0.0265134003494	0.520383285809	0.15	-1.0
11999	PNode18	0.0	0.524800823	0.9	0.0	0.535156732375	0.871110681134	0.756782081522	0.15	1.0
11999	PNode18	0.0	0.553571429	0.9	0.0	0.0691276461299	-0.46253007749	0.491006094063	0.85	1.0
11999	PNode18	0.0	0.701366696116	0.9	0.0	0.741411315551	-0.353215551432	0.512942767013	0.85	-1.0
11999	PNode18	0.0	0.553571429	0.9	0.0	0.741411315551	-0.353215551432	0.512942767013	0.85	1.0
11999	PNode18	0.0	0.698186322485	0.9	0.0	-0.472910751458	-0.408781999511	0.783616772925	0.15	-1.0
11999	PNode18	0.0	0.459436844336	0.9	0.0	-0.0733014333269	-0.0436982613401	0.629012987589	0.85	-1.0
11999	PNode18	0.0	0.343938963872	0.9	0.0	-0.199561717929	0.555555555556	0.308572025135	0.15	1.0
11999	PNode18	0.0	0.608921514197	0.9	0.0	-0.513546052209	0.741738164339	0.660986866207	0.85	1.0
11999	PNode18	0.0	0.553571429	0.9	0.0	0.157762138128	-0.529369180288	0.472997387898	0.15	1.0
11999	PNode18	0.0	0.187369944672	0.9	0.0	-0.793704274311	0.358698816038	0.416071097516	0.15	1.0
11999	PNode18	0.0	0.553571429	0.9	0.0	-0.30347622818	0.518360648097	0.496239724183	0.15	1.0
11999	PNode18	0.0	0.487277694202	0.9	0.0	-0.430097738346	-0.535911848504	0.787474790945	0.15	1.0
11999	PNode18	0.0	0.524800823	0.9	0.0	0.153178006511	0.41592675958	0.185688708004	0.15	1.0
11999	PNode18	0.0	0.456243148408	0.9	0.0	-0.26631243446	0.350879126229	0.431410858176	0.15	1.0
11999	PNode18	0.0	0.53313887439	0.9	0.0	-0.406570753597	-0.327963594779	0.505044692355	0.15	1.0
11999	PNode18	0.0	0.553571429	0.9	0.0	-0.30628899229	0.372407503775	0.576056942493	0.15	1.0
11999	PNode18	0.0	0.61722124267	0.9	0.0	0.519126183839	-0.628470877948	0.289764400802	0.15	1.0
11999	PNode18	0.0	0.611156938693	0.9	0.0	0.584768493722	0.361499099519	0.390672247549	0.85	1.0
11999	PNode18	0.0	0.518190833814	0.9	0.0	-0.686662410817	0.606993887476	0.429088782534	0.15	1.0
11999	PNode18	0.0	0.361365208904	0.9	0.0	0.390216077114	-0.418357524248	0.33524814055	0.15	1.0
11999	PNode18	0.0	0.293774782962	0.9	0.0	-0.380588423455	0.526699927665	0.3107208811	0.15	1.0
11999	PNode18	0.0	0.687340741613	0.9	0.0	0.43973444246	-0.500117877517	0.371545582436	0.15	-1.0
11999	PNode18	0.0	0.553571429	0.9	0.0	0.43973444246	-0.500117877517	0.371545582436	0.15	1.0
11999	PNode18	0.0	0.553571429	0.9	0.0	0.257462444933	0.58355499427	0.68353113289	0.15	1.0
11999	PNode18	0.0	0.368103034895	0.9	0.0	-0.464521402947	-0.331828885828	0.241698097012	0.85	1.0
11999	PNode18	0.0	0.425489516151	0.9	0.0	-0.298282902757	-0.195794645267	0.579007055601	0.15	1.0
11999	PNode18	0.0	0.507509398426	0.9	0.0	-0.555555555556	0.631730556729	0.59647710001	0.15	1.0
11999	PNode18	0.0	0.490599410908	0.9	0.0	0.602080613693	-0.337229728067	0.585373349001	0.15	1.0
11999	PNode18	0.0	0.361770667304	0.9	0.0	-0.877296243701	0.269153203535	0.522844293004	0.15	1.0
11999	PNode18	0.0	0.336610933548	0.9	0.0	-0.614982109799	0.410801086233	0.683486985429	0.15	1.0
11999	PNode18	0.0	0.493209089077	0.9	0.0	-0.507485091912	-0.783147516332	0.686725379207	0.15	1.0
11999	PNode18	0.0	0.539518171308	0.9	0.0	-0.551812969831	-0.743097355473	0.676458644548	0.15	1.0
11999	PNode18	0.0	0.516632110707	0.9	0.0	0.235962638687	-0.541503987562	0.51721707936	0.15	1.0
11999	PNode18	0.0	0.447961581148	0.9	0.0	0.311678685945	-0.779826623818	0.690410536553	0.15	1.0
11999	PNode18	0.0	0.553571429	0.9	0.0	0.519770656799	0.3206715304	0.546821376532	0.15	1.0
11999	PNode18	0.0	0.251580716097	0.9	0.0	-0.516728920189	0.368629829197	0.648140165987	0.15	1.0
11999	PNode18	0.0	0.491383485817	0.9	0.0	0.156075954665	0.820180297894	0.533681910698	0.15	1.0
11999	PNode18	0.0	0.354905458033	0.9	0.0	0.576559933399	0.312070644883	0.7315390799	0.85	1.0
11999	PNode18	0.0	0.553571429	0.9	0.0	0.0475387509125	-0.493904395237	0.501400659022	0.85	1.0
11999	PNode18	0.0	0.416831985074	0.9	0.0	0.552105069253	-0.605599434961	0.743801278474	0.85	1.0
11999	PNode18	0.0	0.509541846783	0.9	0.0	0.532745552272	-0.650568539778	0.664227816647	0.15	1.0
11999	PNode18	0.0	0.473625425614	0.9	0.0	0.227591960777	0.697154695467	0.200944763231	0.15	1.0
11999	PNode18	0.0	0.553571429	0.9	0.0	0.507301922291	-0.505823905352	0.560176169294	0.15	1.0
11999	PNode18	0.0	0.349529919143	0.9	0.0	-0.379786660917	-0.315907569646	0.753763053085	0.15	1.0
11999	PNode18	0.0	0.253725435996	0.9	0.0	0.0562193577674	0.47551760873	0.555701431473	0.85	1.0
11999	PNode18	0.0	0.518190833814	0.9	0.0	0.0653096445108	-0.606993887476	0.526559374426	0.15	1.0
11999	PNode18	0.0	0.277221832788	0.9	0.0	0.407943404406	0.706972515159	0.612344756669	0.85	1.0
11999	PNode18	0.0	0.74158104033	0.9	0.0	-0.0183687349238	0.391498097102	0.339440295516	0.85	-1.0
11999	PNode18	0.0	0.553571429	0.9	0.0	-0.0183687349238	0.391498097102	0.339440295516	0.85	1.0
11999	PNode18	0.0	0.295445008537	0.9	0.0	-0.649564344963	-0.43283243169	0.675032126144	0.15	1.0
11999	PNode18	0.0	0.404288205722	0.9	0.0	0.238557831088	-0.692952954193	0.366646241401	0.15	1.0
11999	PNode18	0.0	0.583963599385	0.9	0.0	-0.080818404732	-0.263592348736	0.24643051031	0.15	1.0
11999	PNode18	0.0	0.403136004749	0.9	0.0	0.713843750536	0.812003144223	0.506858753222	0.15	1.0
11999	PNode18	0.0	0.504107253729	0.9	0.0	-0.548410795486	0.536442497543	0.714370743961	0.85	1.0
11999	PNode18	0.0	0.553571429	0.9	0.0	-0.702029511744	0.108409416474	0.392753311729	0.15	1.0
11999	PNode18	0.0	0.578626277707	0.9	0.0	-0.713935591006	-0.0422700153695	0.31694143041	0.85	-1.0
11999	PNode18	0.0	0.553571429	0.9	0.0	-0.713935591006	-0.0422700153695	0.31694143041	0.85	-1.0
11999	PNode18	0.0	0.444199868675	0.9	0.0	-0.523714228392	-0.672374348247	0.348621675605	0.15	1.0
11999	PNode18	0.0	0.536957693828	0.9	0.0	0.0569215965267	-0.664913071156	0.251198131907	0.85	1.0
11999	PNode18	0.0	0.614521452524	0.9	0.0	0.677981803962	-0.514947621253	0.491963633358	0.15	1.0
11999	PNode18	0.0	0.263111926649	0.9	0.0	-0.0569215965267	-0.461794526314	0.251198131907	0.15	1.0
11999	PNode18	0.0	0.494509765717	0.9	0.0	0.770110185394	0.374030224398	0.458701404526	0.85	1.0
11999	PNode18	0.0	0.289764400802	0.9	0.0	0.227591960777	-0.591984927272	0.200944763231	0.15	1.0
11999	PNode18	0.0	0.553149888978	0.9	0.0	-0.457165303774	0.489020842469	0.730955715613	0.15	1.0
11999	PNode18	0.0	0.458701404526	0.9	0.0	-0.76217278829	-0.341000925717	0.509457292657	0.85	1.0
11999	PNode18	0.0	0.240566844452	0.9	0.0	0.158077358831	0.301777219511	0.283827887119	0.15	1.0
11999	PNode18	0.0	0.590510146199	0.9	0.0	0.283112351081	-0.614365946799	0.553123533976	0.15	1.0
11999	PNode18	0.0	0.553571429	0.9	0.0	-0.649564344963	-0.410268037876	0.675032126144	0.85	1.0
11999	PNode18	0.0	0.356733454962	0.9	0.0	-0.282924723685	0.536780621467	0.675834857755	0.15	1.0
11999	PNode18	0.0	0.326268455102	0.9	0.0	0.482137493161	0.468421646298	0.287199655494	0.85	1.0
11999	PNode18	0.0	0.631471853357	0.9	0.0	0.111349659647	-0.270194963169	0.260647105567	0.15	-1.0
11999	PNode18	0.0	0.553571429	0.9	0.0	0.111349659647	-0.270194963169	0.260647105567	0.15	1.0
11999	PNode18	0.0	0.537254681535	0.9	0.0	0.365389815278	-0.478283502406	0.736647255789	0.15	1.0
11999	PNode18	0.0	0.401573085849	0.9	0.0	-0.102171516384	0.72884251195	0.5426044396	0.85	1.0
11999	PNode18	0.0	0.625951772208	0.9	0.0	0.210708701463	0.559551870678	0.590784728378	0.85	1.0
11999	PNode18	0.0	0.553571429	0.9	0.0	0.00604562460653	-0.0173904782141	0.577406389442	0.85	-1.0
11999	PNode18	0.0	0.553571429	0.9	0.0	-0.4656293376	0.577885670648	0.445299624936	0.85	1.0
11999	PNode18	0.0	0.297661562457	0.9	0.0	-0.150150660737	-0.548410795486	0.587282080166	0.15	1.0
11999	PNode18	0.0	0.70352318789	0.9	0.0	0.616533525211	-0.508468211922	0.565346778657	0.15	-1.0
11999	PNode18	0.0	0.553571429	0.9	0.0	0.616533525211	-0.508468211922	0.565346778657	0.15	1.0
11999	PNode18	0.0	0.574755940099	0.9	0.0	-0.0198271973985	-0.115821113096	0.518107427458	0.15	1.0
11999	PNode18	0.0	0.611448011475	0.9	0.0	-0.658838100297	0.174684889955	0.459528708582	0.85	-1.0
11999	PNode18	0.0	0.553571429	0.9	0.0	-0.658838100297	0.174684889955	0.459528708582	0.85	1.0
11999	PNode18	0.0	0.482879087153	0.9	0.0	-0.0364293717161	0.0349890248927	0.459099883885	0.15	-1.0
11999	PNode18	0.0	0.453000656035	0.9	0.0	-0.480298005622	0.148289856622	0.752930479868	0.85	1.0
11999	PNode18	0.0	0.673848847874	0.9	0.0	-0.455183921554	0.600644725683	0.297619047619	0.85	1.0
11999	PNode18	0.0	0.579438352938	0.9	0.0	0.121495453823	-0.400878917171	0.472997387898	0.15	1.0
11999	PNode18	0.0	0.659167859509	0.9	0.0	-0.516495263964	-0.260110801629	0.719815834337	0.15	-1.0
11999	PNode18	0.0	0.553571429	0.9	0.0	-0.516495263964	-0.260110801629	0.719815834337	0.15	1.0
11999	PNode18	0.0	0.48099253456	0.9	0.0	-0.526949847088	-0.134124196569	0.6096998309	0.15	1.0
11999	PNode18	0.0	0.592678947279	0.9	0.0	0.428825426417	-0.711593363465	0.424186638018	0.15	1.0
11999	PNode18	0.0	0.565502069904	0.9	0.0	-0.305153591495	0.352724673438	0.706597184971	0.15	1.0
11999	PNode18	0.0	0.66216694931	0.9	0.0	-0.418158156918	-0.436857169495	0.404288205722	0.15	-1.0
11999	PNode18	0.0	0.553571429	0.9	0.0	-0.418158156918	-0.436857169495	0.404288205722	0.15	1.0
11999	PNode18	0.0	0.53305737994	0.9	0.0	-0.0647138265059	0.0711436158839	0.53248663338	0.15	1.0
11999	PNode18	0.0	0.553571429	0.9	0.0	-0.340707356403	-0.499087391853	0.472009123205	0.15	1.0
11999	PNode18	0.0	0.353745320055	0.9	0.0	-0.466591888872	0.134389222897	0.250047999951	0.15	1.0
11999	PNode18	0.0	0.585172128982	0.9	0.0	0.146773556045	0.282477002178	0.458824042826	0.15	1.0
11999	PNode18	0.0	0.412850161953	0.9	0.0	-0.100371634002	0.3917718414	0.470208031941	0.85	1.0
11999	PNode18	0.0	0.378750822073	0.9	0.0	-0.420850266861	-0.786930128953	0.592504690584	0.15	1.0
11999	PNode18	0.0	0.521213895692	0.9	0.0	-0.452115154244	0.206793388951	0.429767069493	0.85	1.0
11999	PNode18	0.0	0.621563492531	0.9	0.0	-0.421431358987	-0.3559378804	0.305244842552	0.15	1.0
11999	PNode18	0.0	0.553571429	0.9	0.0	-0.193933800358	-0.426271255014	0.2766850033	0.15	1.0
11999	PNode18	0.0	0.383814089536	0.9	0.0	0.281264268278	-0.0755000440282	0.526559374426	0.15	1.0
11999	PNode18	0.0	0.664137343019	0.9	0.0	-0.640744792213	-0.241193270841	0.546581888804	0.15	-1.0
11999	PNode18	0.0	0.553571429	0.9	0.0	-0.640744792213	-0.241193270841	0.546581888804	0.15	1.0
11999	PNode18	0.0	0.173165183539	0.9	0.0	-0.754291888442	-0.411930444458	0.533681910698	0.15	1.0
11999	PNode18	0.0	0.553571429	0.9	0.0	-0.08934471637	0.44372977619	0.636975062348	0.15	1.0
11999	PNode18	0.0	0.627377154999	0.9	0.0	-0.609311371149	0.365821440472	0.712519386555	0.15	1.0
11999	PNode18	0.0	0.498395356185	0.9	0.0	-0.723091782533	0.419709372201	0.383214835946	0.15	1.0
11999	PNode18	0.0	0.553571429	0.9	0.0	0.596319329314	0.117782491418	0.319413020493	0.85	1.0
11999	PNode18	0.0	0.429734789125	0.9	0.0	-0.609860559938	0.154676638385	0.210221825856	0.15	1.0
11999	PNode18	0.0	0.606776839844	0.9	0.0	-0.0124084692007	0.733816799168	0.559628229226	0.15	1.0
11999	PNode18	0.0	0.553571429	0.9	0.0	-0.257997104924	-0.555555555556	0.581818382359	0.85	1.0
11999	PNode18	0.0	0.45596593694	0.9	0.0	-0.745624064864	0.776598117361	0.483408615661	0.15	1.0
11999	PNode18	0.0	0.445958451194	0.9	0.0	-0.579660605548	0.513375454423	0.622161251359	0.15	1.0
11999	PNode18	0.0	0.553571429	0.9	0.0	-0.319592916868	-0.265145567649	0.330859463826	0.15	1.0
11999	PNode18	0.0	0.607167251737	0.9	0.0	-0.742141642711	-0.460981785994	0.478240517377	0.85	1.0
11999	PNode18	0.0	0.490599410908	0.9	0.0	-0.740513982375	-0.773881383044	0.499656498104	0.85	1.0
11999	PNode18	0.0	0.552200456996	0.9	0.0	0.637438452039	0.757895559679	0.427567661846	0.85	1.0
11999	PNode18	0.0	0.646961600686	0.9	0.0	0.653525313211	-0.6295373759	0.582146899495	0.85	1.0
11999	PNode18	0.0	0.493614039937	0.9	0.0	-0.440823350625	-0.398770561857	0.350096678458	0.15	1.0
11999	PNode18	0.0	0.597713963023	0.9	0.0	0.146773556045	0.714737580801	0.458824042826	0.85	1.0
11999	PNode18	0.0	0.546448802827	0.9	0.0	0.451265095705	0.127220326775	0.740489381247	0.15	1.0
11999	PNode18	0.0	0.553571429	0.9	0.0	-0.386773986022	0.453261765136	0.201497905187	0.85	1.0
11999	PNode18	0.0	0.53889918042	0.9	0.0	0.00561381310732	0.600836889574	0.63097600114	0.85	1.0
11999	PNode18	0.0	0.498538797464	0.9	0.0	0.0665347130861	0.324914668391	0.514706269248	0.15	1.0
11999	PNode18	0.0	0.349076017644	0.9	0.0	0.354507129977	0.144920632182	0.661463653007	0.15	1.0
11999	PNode18	0.0	0.457934324574	0.9	0.0	-0.213073509789	0.269153203535	0.522954678544	0.15	1.0
11999	PNode18	0.0	0.53582250188	0.9	0.0	0.546602169147	0.333714324196	0.213487564844	0.15	1.0
11999	PNode18	0.0	0.390567971262	0.9	0.0	0.512477470299	0.279893131136	0.572505318082	0.15	1.0
11999	PNode18	0.0	0.362617341051	0.9	0.0	0.753994742775	0.617445848828	0.39781650824	0.15	1.0
11999	PNode18	0.0	0.655608511233	0.9	0.0	0.441178716233	0.332825066706	0.48226071452	0.15	-1.0
11999	PNode18	0.0	0.553571429	0.9	0.0	0.441178716233	0.332825066706	0.48226071452	0.15	1.0
11999	PNode18	0.0	0.227675378076	0.9	0.0	-0.491426803608	0.426031147996	0.252869032186	0.15	1.0
11999	PNode18	0.0	0.399493254161	0.9	0.0	0.264109757432	0.595768172107	0.501057933009	0.15	1.0
11999	PNode18	0.0	0.542845366459	0.9	0.0	-0.559006041859	0.515050854659	0.743801278474	0.15	1.0
11999	PNode18	0.0	0.565502069904	0.9	0.0	0.364339488359	-0.758386437673	0.605970951361	0.85	1.0
11999	PNode18	0.0	0.625951772208	0.9	0.0	-0.0241050499926	0.559551870678	0.405066199492	0.85	1.0
11999	PNode18	0.0	0.567930383155	0.9	0.0	0.445301356785	0.110773168085	0.47743916644	0.15	1.0
11999	PNode18	0.0	0.270912841766	0.9	0.0	0.0665347130861	0.385971996227	0.514706269248	0.85	1.0
11999	PNode18	0.0	0.515041618361	0.9	0.0	-0.219319176552	0.48972643356	0.524745790866	0.15	1.0
11999	PNode18	0.0	0.614159118634	0.9	0.0	0.271495431076	-0.0979352878293	0.214763687924	0.85	-1.0
11999	PNode18	0.0	0.553571429	0.9	0.0	0.271495431076	-0.0979352878293	0.214763687924	0.85	1.0
11999	PNode18	0.0	0.502399196959	0.9	0.0	-0.480298005622	0.449763680496	0.752930479868	0.15	1.0
11999	PNode18	0.0	0.553571429	0.9	0.0	-0.0392571619736	0.512737910384	0.524800823	0.85	1.0
11999	PNode18	0.0	0.335715843927	0.9	0.0	-0.405626196919	0.457035632776	0.221072491123	0.85	1.0
11999	PNode18	0.0	0.393168509956	0.9	0.0	0.530931243195	0.631262006144	0.727468015079	0.15	1.0
11999	PNode18	0.0	0.400483064858	0.9	0.0	0.479260194455	0.222466287429	0.545623074995	0.15	1.0
11999	PNode18	0.0	0.41098174094	0.9	0.0	0.150061008608	0.402706704583	0.276729766902	0.15	1.0
11999	PNode18	0.0	0.553571429	0.9	0.0	-0.138345030956	-0.451124538269	0.524167669195	0.15	1.0
11999	PNode18	0.0	0.188466460788	0.9	0.0	0.404932484847	0.526502507826	0.518274229254	0.85	1.0
11999	PNode18	0.0	0.307078007836	0.9	0.0	-0.500405443687	0.506609200952	0.42134203209	0.15	1.0
11999	PNode18	0.0	0.553571429	0.9	0.0	0.259722358339	-0.528875561874	0.212580673266	0.15	1.0
11999	PNode18	0.0	0.283783912278	0.9	0.0	0.139628795976	0.421724624021	0.214816753866	0.15	1.0
11999	PNode18	0.0	0.267261446181	0.9	0.0	-0.327963594779	0.41592675958	0.306870090952	0.85	1.0
11999	PNode18	0.0	0.553571429	0.9	0.0	0.351990694989	-0.617066908523	0.429637936624	0.15	1.0
11999	PNode18	0.0	0.553571429	0.9	0.0	0.150927440441	-0.519396812349	0.246382035195	0.85	1.0
11999	PNode18	0.0	0.500829343728	0.9	0.0	0.180764006682	-0.143625111098	0.563843809327	0.85	1.0
11999	PNode18	0.0	0.474551314474	0.9	0.0	0.560119074838	-0.261250121195	0.533356143154	0.15	1.0
11999	PNode18	0.0	0.639524893133	0.9	0.0	-0.71023219394	-0.472947352685	0.424219248053	0.85	1.0
11999	PNode18	0.0	0.255999619096	0.9	0.0	0.0961360241313	-0.443957002428	0.583862794794	0.85	1.0
11999	PNode18	0.0	0.553571429	0.9	0.0	0.785847332622	-0.439350253866	0.578397711184	0.15	1.0
11999	PNode18	0.0	0.282285900739	0.9	0.0	-0.19865205369	0.436297616316	0.203096645898	0.85	1.0
11999	PNode18	0.0	0.650560940937	0.9	0.0	0.201255658572	0.347539365286	0.538333505804	0.15	-1.0
11999	PNode18	0.0	0.553571429	0.9	0.0	0.201255658572	0.347539365286	0.538333505804	0.15	1.0
11999	PNode18	0.0	0.398672669382	0.9	0.0	0.216365041651	0.561306284972	0.355353782028	0.85	1.0
11999	PNode18	0.0	0.553571429	0.9	0.0	0.368839415947	-0.450058248206	0.203591196021	0.15	1.0
11999	PNode18	0.0	0.553571429	0.9	0.0	-0.498764251034	-0.385669319608	0.248316050576	0.85	1.0
11999	PNode18	0.0	0.460293677485	0.9	0.0	0.0858389810886	0.0582068459099	0.61851939624	0.15	1.0
11999	PNode18	0.0	0.489144751164	0.9	0.0	0.755720761605	0.496745164312	0.498997585839	0.15	1.0
11999	PNode18	0.0	0.630905138346	0.9	0.0	-0.231093691095	-0.587325425471	0.641414184198	0.15	1.0
11999	PNode18	0.0	0.486839270481	0.9	0.0	-0.114476565151	-0.132814408499	0.176480752079	0.15	1.0
11999	PNode18	0.0	0.571274613378	0.9	0.0	-0.114611763028	0.546929698976	0.508215855993	0.15	1.0
11999	PNode18	0.0	0.319857235853	0.9	0.0	-0.456184423436	-0.254901121296	0.72261988954	0.15	1.0
11999	PNode18	0.0	0.385256418571	0.9	0.0	-0.536646817383	-0.37654115103	0.66831086984	0.15	1.0
11999	PNode18	0.0	0.618134996467	0.9	0.0	-0.181190038734	0.636505512323	0.39781650824	0.15	1.0
11999	PNode18	0.0	0.553571429	0.9	0.0	-0.452115154244	-0.386773986022	0.429767069493	0.15	1.0
11999	PNode18	0.0	0.277221832788	0.9	0.0	0.106366026965	-0.706972515159	0.476963783391	0.15	1.0
11999	PNode18	0.0	0.553571429	0.9	0.0	-0.061890293272	0.420205066095	0.562129500044	0.15	1.0
11999	PNode18	0.0	0.608848504338	0.9	0.0	-0.261250121195	-0.481798477945	0.474551314474	0.15	1.0
11999	PNode18	0.0	0.491818648127	0.9	0.0	0.488634626126	0.408279973121	0.460171350352	0.15	1.0
11999	PNode18	0.0	0.609772755477	0.9	0.0	-0.814628368344	-0.637438452039	0.539114547627	0.15	1.0
11999	PNode18	0.0	0.571531191061	0.9	0.0	0.492143475402	-0.0121945728351	0.633169436639	0.15	-1.0
11999	PNode18	0.0	0.553571429	0.9	0.0	0.492143475402	-0.0121945728351	0.633169436639	0.15	-1.0
11999	PNode18	0.0	0.553571429	0.9	0.0	0.120093562363	-0.446243108786	0.515069556115	0.15	1.0