3000	PNode5	0.0	0.553571429	0.9	0.0	-0.687281269191	-0.282942121052	0.472009123205	0.15	1.0
3000	PNode5	0.0	0.553571429	0.9	1.0	-0.687281269191	-0.282942121052	0.472009123205	0.15	-1.0
3000	PNode5	0.0	0.548574994896	0.9	0.0	0.417274101384	-0.282942121052	0.747673009832	0.15	1.0
3000	PNode5	0.0	0.548574994896	0.9	1.0	0.417274101384	-0.282942121052	0.747673009832	0.15	-1.0
3000	PNode5	0.0	0.635176590636	0.9	0.0	0.417274101384	-0.282942121052	0.747673009832	0.15	-1.0
3000	PNode5	0.0	0.553571429	0.9	0.0	0.417274101384	-0.282942121052	0.747673009832	0.15	1.0
3000	PNode5	0.0	0.553571429	0.9	1.0	0.417274101384	-0.282942121052	0.747673009832	0.15	-1.0
3000	PNode5	0.0	0.553571429	0.9	0.0	0.417274101384	-0.282942121052	0.747673009832	0.15	1.0
3000	PNode5	0.0	0.553571429	0.9	0.0	0.417274101384	-0.282942121052	0.747673009832	0.15	1.0
3000	PNode5	0.0	0.171731021905	0.9	0.0	0.417274101384	-0.282942121052	0.747673009832	0.15	1.0
3000	PNode5	0.0	0.171731021905	0.9	1.0	0.417274101384	-0.282942121052	0.747673009832	0.15	-1.0
3000	PNode5	0.0	0.553571429	0.9	0.0	0.417274101384	-0.282942121052	0.747673009832	0.15	1.0
3000	PNode5	1.0	0.553571429	0.9	0.0	0.417274101384	0.282942121052	0.747673009832	0.15	-1.0
3000	PNode5	0.0	0.553571429	0.9	0.0	-0.548944950795	0.128257503895	0.781711068477	0.15	1.0
3000	PNode5	0.0	0.553571429	0.9	0.0	-0.548944950795	0.128257503895	0.781711068477	0.15	1.0
3000	PNode5	1.0	0.553571429	0.9	0.0	-0.548944950795	0.128257503895	0.781711068477	0.15	-1.0
3000	PNode5	0.0	0.553571429	0.9	1.0	-0.548944950795	-0.128257503895	0.781711068477	0.15	-1.0
3000	PNode5	0.0	0.41976616584	0.9	0.0	-0.115635925395	0.544504028269	0.466135308725	0.15	1.0
3000	PNode5	0.0	0.679412813632	0.9	0.0	-0.115635925395	0.544504028269	0.466135308725	0.15	-1.0
3000	PNode5	0.0	0.553571429	0.9	0.0	-0.115635925395	0.544504028269	0.466135308725	0.15	1.0
3000	PNode5	0.0	0.602443813072	0.9	0.0	-0.0453641916152	-0.464521402947	0.531098448615	0.15	1.0
3000	PNode5	0.0	0.553571429	0.9	0.0	-0.651421802697	-0.531411340771	0.254769487336	0.15	1.0
3000	PNode5	0.0	0.710129943866	0.9	0.0	-0.0172491484851	-0.55914616077	0.613312975753	0.15	-1.0
3000	PNode5	0.0	0.553571429	0.9	0.0	-0.0172491484851	-0.55914616077	0.613312975753	0.15	1.0
3000	PNode5	0.0	0.553571429	0.9	1.0	-0.0172491484851	-0.55914616077	0.613312975753	0.15	-1.0
3000	PNode5	0.0	0.705781436285	0.9	0.0	-0.104036654586	-0.380517723275	0.530825907807	0.15	-1.0
3000	PNode5	0.0	0.553571429	0.9	0.0	-0.104036654586	-0.380517723275	0.530825907807	0.15	1.0
3000	PNode5	0.0	0.424023558474	0.9	0.0	0.722755267191	0.321028961043	0.474073616834	0.15	1.0
3000	PNode5	0.0	0.64241912762	0.9	0.0	0.722755267191	0.321028961043	0.474073616834	0.15	-1.0
3000	PNode5	0.0	0.553571429	0.9	0.0	0.722755267191	0.321028961043	0.474073616834	0.15	1.0
3000	PNode5	0.0	0.553571429	0.9	0.0	0.722755267191	0.321028961043	0.474073616834	0.15	1.0
3000	PNode5	0.0	0.532051443048	0.9	0.0	0.0602379479384	-0.176423766442	0.370822846037	0.15	1.0
3000	PNode5	0.0	0.613799885489	0.9	0.0	0.0602379479384	-0.176423766442	0.370822846037	0.15	-1.0
3000	PNode5	0.0	0.553571429	0.9	0.0	0.0602379479384	-0.176423766442	0.370822846037	0.15	1.0
3000	PNode5	0.0	0.553571429	0.9	0.0	0.0602379479384	0.176423766442	0.370822846037	0.15	1.0
3000	PNode5	0.0	0.575688775065	0.9	0.0	0.571751701019	0.0	0.432471875471	0.85	-1.0
3000	PNode5	0.0	0.553571429	0.9	0.0	0.30077102488	0.457165303774	0.2272663859	0.15	1.0
3000	PNode5	0.0	0.437555701312	0.9	0.0	-0.10670126642	-0.598373200727	0.633546157362	0.15	1.0
3000	PNode5	0.0	0.499226852361	0.9	0.0	-0.608508065788	0.81666081595	0.218615585802	0.15	1.0
3000	PNode5	0.0	0.539302936139	0.9	0.0	-0.615611289355	-0.460300326376	0.675099051436	0.15	1.0
3000	PNode5	0.0	0.658530201864	0.9	0.0	0.068042931062	-0.412923145774	0.562675429699	0.15	-1.0
3000	PNode5	0.0	0.553571429	0.9	0.0	0.068042931062	-0.412923145774	0.562675429699	0.15	1.0
3000	PNode5	0.0	0.553571429	0.9	0.0	0.068042931062	-0.412923145774	0.562675429699	0.15	1.0
3000	PNode5	0.0	0.464801763962	0.9	0.0	-0.0191130580121	0.821867990015	0.541907935357	0.15	1.0
3000	PNode5	0.0	0.553571429	0.9	0.0	-0.0191130580121	-0.640326293858	0.541907935357	0.15	1.0
3000	PNode5	0.0	0.553571429	0.9	0.0	-0.0191130580121	-0.640326293858	0.541907935357	0.15	1.0
3000	PNode5	0.0	0.293560162515	0.9	0.0	-0.0835330225007	0.327963594779	0.588259560834	0.15	1.0
3000	PNode5	0.0	0.340328128133	0.9	0.0	0.696961622421	-0.725698731304	0.538010044512	0.15	1.0
3000	PNode5	0.0	0.50231367087	0.9	0.0	-0.680809190542	-0.825598513719	0.287156045674	0.15	1.0
3000	PNode5	0.0	0.470358333092	0.9	0.0	0.569989374419	-0.469471984123	0.706082069103	0.15	1.0
3000	PNode5	0.0	0.548150298533	0.9	0.0	0.202036026789	0.191655691318	0.662620353044	0.15	1.0
3000	PNode5	0.0	0.553571429	0.9	0.0	-0.153301799877	-0.395128187754	0.545303162883	0.15	1.0
3000	PNode5	0.0	0.510133407504	0.9	0.0	0.239479166032	-0.289038446535	0.329004982537	0.85	-1.0
3000	PNode5	0.0	0.553571429	0.9	0.0	-0.0288556278904	0.154676638385	0.172861900839	0.15	1.0
3000	PNode5	1.0	0.553571429	0.9	0.0	-0.0288556278904	0.154676638385	0.172861900839	0.15	-1.0
3000	PNode5	0.0	0.553571429	0.9	0.0	-0.0288556278904	0.154676638385	0.172861900839	0.15	1.0
3000	PNode5	0.0	0.548150298533	0.9	0.0	0.258327182036	0.191655691318	0.530962192495	0.15	1.0
3000	PNode5	0.0	0.616947515359	0.9	0.0	0.258327182036	0.191655691318	0.530962192495	0.15	-1.0
3000	PNode5	0.0	0.553571429	0.9	0.0	0.258327182036	0.191655691318	0.530962192495	0.15	1.0
3000	PNode5	0.0	0.594369511576	0.9	0.0	-0.65185417141	0.433934230336	0.501200758529	0.15	1.0
3000	PNode5	0.0	0.307742661196	0.9	0.0	0.144313199697	0.618421174377	0.409777127201	0.15	1.0
3000	PNode5	0.0	0.553571429	0.9	0.0	0.144313199697	-0.618421174377	0.409777127201	0.15	1.0
3000	PNode5	0.0	0.56612288293	0.9	0.0	-0.107977311883	-0.625191968298	0.272409120178	0.15	1.0
3000	PNode5	0.0	0.29744894487	0.9	0.0	-0.729863225964	-0.382268599161	0.588384781191	0.15	1.0
3000	PNode5	0.0	0.478240517377	0.9	0.0	0.608133902743	-0.742141642711	0.674429544499	0.15	1.0
3000	PNode5	0.0	0.613482282519	0.9	0.0	-0.443119329478	-0.478179241915	0.439366934899	0.15	1.0
3000	PNode5	0.0	0.293774782962	0.9	0.0	-0.250401964061	0.0715160061115	0.464771420726	0.15	1.0
3000	PNode5	0.0	0.591452385004	0.9	0.0	-0.250401964061	-0.0715160061115	0.464771420726	0.15	-1.0
3000	PNode5	0.0	0.553571429	0.9	0.0	-0.250401964061	-0.0715160061115	0.464771420726	0.15	1.0
3000	PNode5	0.0	0.15637465003	0.9	0.0	0.605995268889	0.0765857765641	0.708012099339	0.15	1.0
3000	PNode5	0.0	0.542979176829	0.9	0.0	-0.0772102807891	-0.410634923374	0.318077665899	0.15	1.0
3000	PNode5	0.0	0.523037455246	0.9	0.0	-0.442016593931	-0.131912498765	0.776345604594	0.15	1.0
3000	PNode5	0.0	0.2641766334	0.9	0.0	0.670124020836	-0.578866518602	0.533464750406	0.15	1.0
3000	PNode5	0.0	0.576464598601	0.9	0.0	0.0835330225007	0.360462790692	0.588259560834	0.15	1.0
3000	PNode5	0.0	0.513587155028	0.9	0.0	0.45416320754	0.244430572278	0.705953239881	0.15	1.0
3000	PNode5	0.0	0.441140689509	0.9	0.0	0.511793006721	-0.582135343075	0.834002740935	0.15	1.0
3000	PNode5	0.0	0.441678040528	0.9	0.0	-0.783147516332	-0.113115395626	0.573068659702	0.15	1.0
3000	PNode5	0.0	0.689249771275	0.9	0.0	-0.654850546093	-0.570289992889	0.663096144089	0.15	-1.0
3000	PNode5	0.0	0.553571429	0.9	0.0	-0.654850546093	-0.570289992889	0.663096144089	0.15	1.0
3000	PNode5	0.0	0.667252667478	0.9	0.0	-0.681530539774	0.363899864238	0.308613451112	0.15	-1.0
3000	PNode5	0.0	0.553571429	0.9	0.0	-0.681530539774	0.363899864238	0.308613451112	0.15	1.0
3000	PNode5	0.0	0.553571429	0.9	0.0	0.069807664477	-0.0402126165514	0.485082393915	0.15	1.0
3000	PNode5	0.0	0.512157406741	0.9	0.0	-0.430895007604	0.475198068636	0.193041112593	0.15	1.0
3000	PNode5	0.0	0.387849258477	0.9	0.0	0.7023291116	0.116818792692	0.534739534178	0.15	1.0
3000	PNode5	0.0	0.404897168683	0.9	0.0	0.335001723729	0.263184102166	0.416037990904	0.15	1.0
3000	PNode5	0.0	0.605702122731	0.9	0.0	-0.0482910100312	-0.236777876862	0.579007055601	0.15	1.0
3000	PNode5	0.0	0.626101320312	0.9	0.0	-0.0482910100312	0.236777876862	0.579007055601	0.15	-1.0
3000	PNode5	0.0	0.553571429	0.9	0.0	-0.0482910100312	0.236777876862	0.579007055601	0.15	1.0
3000	PNode5	0.0	0.553571429	0.9	0.0	-0.0482910100312	0.236777876862	0.579007055601	0.15	1.0
3000	PNode5	0.0	0.534007515738	0.9	0.0	0.276297963604	0.523632168612	0.318685150258	0.15	1.0
3000	PNode5	0.0	0.603645952068	0.9	0.0	-0.765898367847	0.0583265641626	0.426821738958	0.15	-1.0
3000	PNode5	0.0	0.553571429	0.9	0.0	-0.765898367847	0.0583265641626	0.426821738958	0.15	1.0
3000	PNode5	0.0	0.297661562457	0.9	0.0	-0.137711848629	-0.562700315625	0.311709045271	0.15	1.0
3000	PNode5	0.0	0.553571429	0.9	0.0	0.0608285178722	0.238417982276	0.573989503706	0.15	1.0
3000	PNode5	0.0	0.626428964933	0.9	0.0	0.0608285178722	-0.238417982276	0.573989503706	0.15	-1.0
3000	PNode5	0.0	0.553571429	0.9	0.0	0.0608285178722	-0.238417982276	0.573989503706	0.15	1.0
3000	PNode5	0.0	0.553571429	0.9	0.0	0.0608285178722	0.238417982276	0.573989503706	0.15	1.0
3000	PNode5	1.0	0.553571429	0.9	0.0	0.0608285178722	0.238417982276	0.573989503706	0.15	-1.0
3000	PNode5	0.0	0.553571429	0.9	0.0	0.0608285178722	0.238417982276	0.573989503706	0.15	1.0
3000	PNode5	0.0	0.553571429	0.9	0.0	0.0608285178722	0.238417982276	0.573989503706	0.15	1.0
3000	PNode5	0.0	0.553571429	0.9	0.0	0.0608285178722	0.238417982276	0.573989503706	0.15	1.0
3000	PNode5	0.0	0.477765772633	0.9	0.0	-0.47300111943	0.630524153175	0.495433016324	0.15	1.0
3000	PNode5	0.0	0.654761904762	0.9	0.0	-0.457692263177	0.279257591951	0.552385173914	0.15	-1.0
3000	PNode5	0.0	0.553571429	0.9	0.0	-0.457692263177	0.279257591951	0.552385173914	0.15	1.0
3000	PNode5	0.0	0.279806323042	0.9	0.0	0.54778273323	0.0105567579786	0.2639916796	0.15	1.0
3000	PNode5	0.0	0.622232950026	0.9	0.0	0.673509749042	-0.422228199139	0.312037929964	0.15	1.0
3000	PNode5	0.0	0.464316082786	0.9	0.0	-0.63699676911	-0.663144850307	0.503794460645	0.15	1.0
3000	PNode5	0.0	0.326705838735	0.9	0.0	-0.00599439296306	0.421166332659	0.583358554834	0.15	1.0
3000	PNode5	0.0	0.386904761905	0.9	0.0	-0.56915686562	0.655927189557	0.756579788021	0.15	1.0
3000	PNode5	0.0	0.574500555411	0.9	0.0	0.540821118222	-0.624348121037	0.285101076114	0.15	1.0
3000	PNode5	0.0	0.560176169294	0.9	0.0	0.518842826142	-0.0310044847798	0.53000759874	0.15	1.0
3000	PNode5	0.0	0.638777208592	0.9	0.0	-0.237842769249	-0.425172707516	0.530416882155	0.15	1.0
3000	PNode5	0.0	0.675032126144	0.9	0.0	-0.531173654187	0.649564344963	0.735880902981	0.15	1.0
3000	PNode5	0.0	0.314496612729	0.9	0.0	0.0223301150925	-0.562422867001	0.446710456057	0.15	1.0
3000	PNode5	0.0	0.553571429	0.9	0.0	0.0223301150925	-0.562422867001	0.446710456057	0.15	1.0
3000	PNode5	0.0	0.651963805498	0.9	0.0	-0.641001452326	-0.42349986746	0.614449000065	0.15	-1.0
3000	PNode5	0.0	0.553571429	0.9	0.0	-0.641001452326	-0.42349986746	0.614449000065	0.15	1.0
3000	PNode5	0.0	0.475058447359	0.9	0.0	0.417660470085	0.646005020496	0.554518928091	0.15	1.0
3000	PNode5	0.0	0.395067211469	0.9	0.0	0.0327245639929	0.0656116749376	0.52449808803	0.15	1.0
3000	PNode5	0.0	0.327380952381	0.9	0.0	0.547135056874	0.0	0.588109267137	0.85	-1.0
3000	PNode5	0.0	0.434555810647	0.9	0.0	0.855871299248	-0.00760567788147	0.555333763727	0.15	1.0
3000	PNode5	0.0	0.425879772151	0.9	0.0	-0.304218049377	0.0774207092531	0.594766709536	0.15	1.0
3000	PNode5	0.0	0.713200824421	0.9	0.0	0.618266763704	-0.400490900039	0.641553944998	0.15	-1.0
3000	PNode5	0.0	0.553571429	0.9	0.0	0.618266763704	-0.400490900039	0.641553944998	0.15	1.0
3000	PNode5	0.0	0.553571429	0.9	0.0	0.618266763704	0.400490900039	0.641553944998	0.15	1.0
3000	PNode5	0.0	0.422128244413	0.9	0.0	-0.148423168965	-0.366255743296	0.53822570306	0.15	1.0
3000	PNode5	0.0	0.375143410052	0.9	0.0	0.103282544741	-0.0170414083141	0.290067625653	0.15	1.0
3000	PNode5	0.0	0.363058493603	0.9	0.0	-0.0458677667337	0.40623756695	0.340250993425	0.15	1.0
3000	PNode5	0.0	0.399083124221	0.9	0.0	0.103745322106	0.584294013445	0.410446695393	0.15	1.0
3000	PNode5	0.0	0.517884957114	0.9	0.0	0.506977999304	-0.194132663244	0.678327076999	0.15	1.0
3000	PNode5	0.0	0.600181307952	0.9	0.0	0.348610438743	-0.354149970046	0.245799831446	0.15	1.0
3000	PNode5	0.0	0.443413011976	0.9	0.0	-0.258932017547	-0.624476614278	0.263436281581	0.15	1.0
3000	PNode5	0.0	0.33653316948	0.9	0.0	0.72884251195	-0.215901202175	0.609821367808	0.85	-1.0
3000	PNode5	0.0	0.514174936606	0.9	0.0	0.423946317351	-0.0599147702098	0.609043181026	0.15	1.0
3000	PNode5	0.0	0.613119434366	0.9	0.0	0.538796717969	0.282942121052	0.769294137878	0.15	1.0
3000	PNode5	0.0	0.540834954853	0.9	0.0	-0.555555555556	-0.187215566663	0.293431336645	0.15	1.0
3000	PNode5	0.0	0.244486463919	0.9	0.0	0.543832507945	-0.621167230493	0.64288039399	0.15	1.0
3000	PNode5	0.0	0.395549398727	0.9	0.0	0.652290433413	0.742875498093	0.344053739707	0.15	1.0
3000	PNode5	0.0	0.592678947279	0.9	0.0	0.373536261278	-0.711593363465	0.707883570801	0.15	1.0
3000	PNode5	0.0	0.441930733492	0.9	0.0	-0.217035202798	-0.23708609266	0.511595836322	0.15	1.0
3000	PNode5	0.0	0.377895987256	0.9	0.0	-0.275965403543	-0.232950610556	0.569604528299	0.15	1.0
3000	PNode5	0.0	0.478714885077	0.9	0.0	-0.555555555556	0.185245930653	0.503879783426	0.15	1.0
3000	PNode5	0.0	0.553571429	0.9	0.0	0.333089268126	0.520909009237	0.248316050576	0.15	1.0
3000	PNode5	0.0	0.660918730014	0.9	0.0	-0.421724624021	0.471380067017	0.283783912278	0.15	-1.0
3000	PNode5	0.0	0.553571429	0.9	0.0	-0.421724624021	0.471380067017	0.283783912278	0.15	1.0
3000	PNode5	0.0	0.227624280442	0.9	0.0	-0.555555555556	0.196856739518	0.285013398773	0.15	1.0
3000	PNode5	0.0	0.332902363636	0.9	0.0	0.555555555556	0.159729090336	0.554387410654	0.15	1.0
3000	PNode5	0.0	0.539840892231	0.9	0.0	0.245272160581	0.828904174323	0.634110885137	0.15	1.0
3000	PNode5	0.0	0.308737704972	0.9	0.0	-0.298282902757	0.394084891604	0.579007055601	0.15	1.0
3000	PNode5	0.0	0.553571429	0.9	0.0	-0.812003144223	-0.389523270967	0.533681910698	0.15	1.0
3000	PNode5	0.0	0.326268455102	0.9	0.0	0.180764006682	0.642689464813	0.563843809327	0.15	1.0
3000	PNode5	0.0	0.527875150914	0.9	0.0	-0.37472376207	0.157500397048	0.646614618582	0.15	1.0
3000	PNode5	0.0	0.305954048283	0.9	0.0	0.327963594779	0.653945807337	0.506519017515	0.15	1.0
3000	PNode5	0.0	0.424414867167	0.9	0.0	0.0600557337995	-0.355688811642	0.442498876908	0.15	1.0
3000	PNode5	0.0	0.185979237508	0.9	0.0	0.501996706279	0.0691276461299	0.493006513175	0.15	1.0
3000	PNode5	0.0	0.337426656429	0.9	0.0	-0.533685558765	-0.148673767196	0.289417582483	0.15	1.0
3000	PNode5	0.0	0.553571429	0.9	0.0	-0.514366213553	-0.545402827407	0.821145979243	0.15	1.0
3000	PNode5	0.0	0.43809650997	0.9	0.0	-0.815277913894	0.657438630212	0.467193916774	0.15	1.0
3000	PNode5	0.0	0.575751043448	0.9	0.0	-0.39788589426	0.576984007271	0.204632764865	0.15	1.0
3000	PNode5	0.0	0.600008869387	0.9	0.0	-0.244656203946	-0.451670596293	0.583257663398	0.15	1.0
3000	PNode5	0.0	0.246382035195	0.9	0.0	-0.830686267245	-0.150927440441	0.435898191467	0.15	1.0
3000	PNode5	0.0	0.553571429	0.9	0.0	-0.203757547923	0.285672367447	0.383814089536	0.15	1.0
3000	PNode5	0.0	0.553571429	0.9	0.0	0.0266799936818	-0.477281583384	0.512353838389	0.15	1.0
3000	PNode5	0.0	0.487569800647	0.9	0.0	0.0	0.526099456415	0.535714285714	0.15	1.0
3000	PNode5	0.0	0.553571429	0.9	0.0	0.0	-0.526099456415	0.535714285714	0.15	1.0
3000	PNode5	0.0	0.553571429	0.9	1.0	0.0	-0.526099456415	0.535714285714	0.15	-1.0
3000	PNode5	0.0	0.553571429	0.9	0.0	0.0	-0.526099456415	0.535714285714	0.15	1.0
3000	PNode5	0.0	0.247978333559	0.9	0.0	-0.15370366059	-0.103616360338	0.350323190565	0.15	1.0
3000	PNode5	0.0	0.542497332831	0.9	0.0	0.0828374914538	0.737574849833	0.288505780205	0.15	1.0
3000	PNode5	0.0	0.214763687924	0.9	0.0	0.785847332622	0.271495431076	0.578397711184	0.15	1.0
3000	PNode5	0.0	0.600008869387	0.9	0.0	0.0898148760233	-0.659440514819	0.445017035261	0.15	1.0
3000	PNode5	0.0	0.474670678829	0.9	0.0	0.205494298947	-0.795834143325	0.483585021765	0.15	1.0
3000	PNode5	0.0	0.700673120305	0.9	0.0	0.205494298947	0.640326293858	0.483585021765	0.15	-1.0
3000	PNode5	0.0	0.553571429	0.9	0.0	0.205494298947	0.640326293858	0.483585021765	0.15	1.0
3000	PNode5	0.0	0.571531191061	0.9	0.0	0.517150115389	-0.0121945728351	0.656545563349	0.15	-1.0
3000	PNode5	0.0	0.553571429	0.9	0.0	0.517150115389	-0.0121945728351	0.656545563349	0.15	1.0
3000	PNode5	0.0	0.238739498265	0.9	0.0	0.382268599161	0.563876998741	0.575113320815	0.15	1.0
3000	PNode5	0.0	0.272228057846	0.9	0.0	0.0	-0.16284704583	0.279761904762	0.15	1.0
3000	PNode5	0.0	0.592280583536	0.9	0.0	0.321648090253	0.559741041043	0.17910666158	0.15	1.0
3000	PNode5	0.0	0.576464598601	0.9	0.0	0.317663032118	0.594100376076	0.429379579667	0.15	1.0
3000	PNode5	0.0	0.576464598601	0.9	0.0	0.0549059858036	-0.517010735036	0.418284593861	0.15	1.0
3000	PNode5	0.0	0.600772212278	0.9	0.0	-0.389523270967	-0.688695035402	0.677237690866	0.15	1.0
3000	PNode5	0.0	0.48446627884	0.9	0.0	0.0	0.8393668741	0.589285714286	0.15	1.0
3000	PNode5	0.0	0.48446627884	0.9	1.0	0.0	-0.8393668741	0.589285714286	0.15	-1.0
3000	PNode5	0.0	0.616017204478	0.9	0.0	0.504510229954	0.263834842831	0.581464422377	0.15	1.0
3000	PNode5	0.0	0.631458087111	0.9	0.0	0.504510229954	0.263834842831	0.581464422377	0.15	-1.0
3000	PNode5	0.0	0.553571429	0.9	0.0	0.504510229954	0.263834842831	0.581464422377	0.15	1.0
3000	PNode5	0.0	0.553571429	0.9	0.0	0.504510229954	0.263834842831	0.581464422377	0.15	1.0
3000	PNode5	0.0	0.550297552881	0.9	0.0	0.0202046548348	0.113716377047	0.297789080953	0.15	1.0
3000	PNode5	0.0	0.553571429	0.9	0.0	-0.24045154937	0.264057071948	0.398672669382	0.15	1.0
3000	PNode5	0.0	0.472368683256	0.9	0.0	-0.0682412364402	0.616038178442	0.622495785828	0.15	1.0
3000	PNode5	0.0	0.439366934899	0.9	0.0	0.223726669727	-0.388734189682	0.569887442678	0.15	1.0
3000	PNode5	0.0	0.345848194994	0.9	0.0	-0.350411779525	-0.491426803608	0.71990030352	0.15	1.0
3000	PNode5	0.0	0.394515585955	0.9	0.0	-0.745496152514	-0.543960605608	0.531398111606	0.15	1.0
3000	PNode5	0.0	0.553571429	0.9	0.0	0.100371634002	-0.425286302393	0.512297721298	0.15	1.0
3000	PNode5	0.0	0.47619047619	0.9	0.0	-0.659300877661	-0.455183921554	0.629770421634	0.15	1.0
3000	PNode5	0.0	0.473864503092	0.9	0.0	-0.479469273221	0.0782739721717	0.782674247308	0.15	1.0
3000	PNode5	0.0	0.506971957487	0.9	0.0	0.34768552314	-0.0403763941134	0.549370573268	0.15	1.0
3000	PNode5	0.0	0.419305669266	0.9	0.0	-0.74748552189	-0.222645500829	0.462003553271	0.15	1.0
3000	PNode5	0.0	0.425001302489	0.9	0.0	0.719018764385	0.456731742503	0.321991275068	0.15	1.0
3000	PNode5	0.0	0.431217726139	0.9	0.0	0.217559225045	-0.193703616408	0.411816670036	0.15	1.0
3000	PNode5	0.0	0.58637858814	0.9	0.0	-0.517357307915	0.0657498842564	0.50478916698	0.15	-1.0
3000	PNode5	0.0	0.553571429	0.9	0.0	-0.517357307915	0.0657498842564	0.50478916698	0.15	1.0
3000	PNode5	0.0	0.592678947279	0.9	0.0	-0.408781999511	0.173286956394	0.371292745872	0.15	1.0
3000	PNode5	0.0	0.553571429	0.9	0.0	0.314095660037	-0.496745164312	0.559889208219	0.15	1.0
3000	PNode5	0.0	0.600033506	0.9	0.0	0.0980675532172	0.220185369663	0.39781650824	0.15	1.0
3000	PNode5	0.0	0.602443813072	0.9	0.0	-0.470109658785	0.646589708165	0.614449000065	0.15	1.0
3000	PNode5	0.0	0.692483246992	0.9	0.0	-0.470109658785	-0.646589708165	0.614449000065	0.15	-1.0
3000	PNode5	0.0	0.553571429	0.9	0.0	-0.470109658785	-0.646589708165	0.614449000065	0.15	1.0
3000	PNode5	0.0	0.553571429	0.9	0.0	-0.470109658785	-0.646589708165	0.614449000065	0.15	1.0
3000	PNode5	0.0	0.595064463023	0.9	0.0	-0.272443204474	0.25929904582	0.356249161373	0.15	1.0
3000	PNode5	0.0	0.270912841766	0.9	0.0	0.188846263141	-0.385971996227	0.602959260587	0.15	1.0
3000	PNode5	0.0	0.222112616212	0.9	0.0	-0.371685519027	-0.581741930823	0.699745600026	0.15	1.0
3000	PNode5	0.0	0.617052795883	0.9	0.0	-0.353215551432	-0.371477607886	0.477617337435	0.15	1.0
3000	PNode5	0.0	0.509457292657	0.9	0.0	0.31291575237	0.76217278829	0.381518953372	0.15	1.0
3000	PNode5	0.0	0.553571429	0.9	0.0	-0.639253925249	-0.466808183423	0.48707313593	0.15	1.0
3000	PNode5	0.0	0.387884206037	0.9	0.0	-0.628222072013	0.193434079281	0.701820029325	0.15	1.0
3000	PNode5	0.0	0.623856263792	0.9	0.0	0.0155437679898	-0.696756249616	0.422749853384	0.15	1.0
3000	PNode5	0.0	0.356025474744	0.9	0.0	-0.53618080488	0.188334798803	0.495692430728	0.15	1.0
3000	PNode5	0.0	0.268269011548	0.9	0.0	0.622269029139	-0.570930423047	0.506660596477	0.15	1.0
3000	PNode5	0.0	0.239333171988	0.9	0.0	-0.0514868706771	-0.0588103912435	0.453898035754	0.15	1.0
3000	PNode5	0.0	0.574398375201	0.9	0.0	-0.427065292438	-0.426031147996	0.719710235896	0.15	1.0
3000	PNode5	0.0	0.373095871633	0.9	0.0	0.677829422382	-0.714169195787	0.419305669266	0.15	1.0
3000	PNode5	0.0	0.464771420726	0.9	0.0	-0.0879631648013	0.250401964061	0.504817563856	0.15	1.0
3000	PNode5	0.0	0.628811642992	0.9	0.0	-0.0879631648013	-0.250401964061	0.504817563856	0.15	-1.0
3000	PNode5	0.0	0.553571429	0.9	0.0	-0.0879631648013	-0.250401964061	0.504817563856	0.15	1.0
3000	PNode5	0.0	0.553571429	0.9	0.0	-0.0879631648013	-0.250401964061	0.504817563856	0.15	1.0
3000	PNode5	0.0	0.553571429	0.9	0.0	0.547696375605	0.474964925829	0.638613554245	0.15	1.0
3000	PNode5	0.0	0.553571429	0.9	0.0	0.575382752954	0.458232847942	0.331489035004	0.15	1.0
3000	PNode5	0.0	0.56733701526	0.9	0.0	-0.566112313534	0.577246769258	0.727049362415	0.15	1.0
3000	PNode5	0.0	0.472129000854	0.9	0.0	0.0888082722876	0.308850536767	0.498911588964	0.15	1.0
3000	PNode5	0.0	0.595634810467	0.9	0.0	-0.243308380778	-0.370143695912	0.304576270206	0.15	1.0
3000	PNode5	0.0	0.275519367123	0.9	0.0	-0.579125338679	0.692224723184	0.638987569409	0.15	1.0
3000	PNode5	0.0	0.553571429	0.9	0.0	-0.579125338679	-0.640326293858	0.638987569409	0.15	1.0
3000	PNode5	0.0	0.553571429	0.9	0.0	-0.273164627276	-0.282942121052	0.465681032869	0.15	1.0
3000	PNode5	0.0	0.553571429	0.9	0.0	-0.369903507363	0.544784479964	0.464953456496	0.15	1.0
3000	PNode5	0.0	0.236105568814	0.9	0.0	0.0269338444883	-0.48839096258	0.50640573127	0.15	1.0
3000	PNode5	0.0	0.553571429	0.9	0.0	0.0269338444883	-0.48839096258	0.50640573127	0.15	1.0
3000	PNode5	0.0	0.585348199642	0.9	0.0	0.623524418	-0.734993272599	0.582879191358	0.15	1.0
3000	PNode5	0.0	0.174978310363	0.9	0.0	0.855077664845	0.392092346726	0.536525471536	0.15	1.0
3000	PNode5	0.0	0.554518928091	0.9	0.0	0.126627405453	0.794330067692	0.516102389124	0.15	1.0
3000	PNode5	0.0	0.39781650824	0.9	0.0	-0.623010405102	-0.181190038734	0.367193050438	0.15	1.0
3000	PNode5	0.0	0.467858350235	0.9	0.0	-0.00968919262953	0.453749125747	0.315516958296	0.15	1.0
3000	PNode5	0.0	0.50640573127	0.9	0.0	-0.340518879109	0.0269338444883	0.330898837832	0.15	1.0
3000	PNode5	0.0	0.295145720407	0.9	0.0	0.0526900407443	-0.0917457774219	0.28087088172	0.15	1.0
3000	PNode5	0.0	0.356584494071	0.9	0.0	0.835881121485	-0.561815173592	0.524277827663	0.15	1.0
3000	PNode5	0.0	0.377146798723	0.9	0.0	0.171123797074	-0.127979291401	0.353032858545	0.15	1.0
3000	PNode5	0.0	0.664001612976	0.9	0.0	-0.558940004861	-0.224191240331	0.760636957746	0.15	-1.0
3000	PNode5	0.0	0.553571429	0.9	0.0	-0.558940004861	-0.224191240331	0.760636957746	0.15	1.0
3000	PNode5	0.0	0.474670678829	0.9	0.0	-0.517562279019	-0.795834143325	0.272951805382	0.15	1.0
3000	PNode5	0.0	0.257649222198	0.9	0.0	0.808659577884	0.388019328578	0.397713673582	0.15	1.0
3000	PNode5	0.0	0.647724408614	0.9	0.0	-0.54336098272	0.58662809453	0.369265340524	0.15	1.0
3000	PNode5	0.0	0.212580673266	0.9	0.0	0.265032733816	0.259722358339	0.450206676953	0.15	1.0
3000	PNode5	0.0	0.553571429	0.9	0.0	-0.814564854355	-0.398919489211	0.480490421178	0.15	1.0
3000	PNode5	0.0	0.416666666667	0.9	0.0	-0.0465714025849	0.0	0.423795164806	0.15	1.0
3000	PNode5	0.0	0.542416991373	0.9	0.0	-0.0547712899464	0.193359337597	0.573503655281	0.15	1.0
3000	PNode5	0.0	0.617297834205	0.9	0.0	-0.0547712899464	-0.193359337597	0.573503655281	0.15	-1.0
3000	PNode5	0.0	0.553571429	0.9	0.0	-0.0547712899464	-0.193359337597	0.573503655281	0.15	1.0
3000	PNode5	0.0	0.553571429	0.9	0.0	-0.637438452039	0.127220326775	0.427567661846	0.15	1.0
3000	PNode5	0.0	0.424414867167	0.9	0.0	-0.374867543212	0.355688811642	0.563921630234	0.15	1.0
3000	PNode5	0.0	0.462460701991	0.9	0.0	-0.0627112081483	-0.282599403164	0.41877890467	0.15	1.0
3000	PNode5	0.0	0.413914890217	0.9	0.0	-0.229973619462	-0.250079779932	0.440001064735	0.15	1.0
3000	PNode5	0.0	0.248123107459	0.9	0.0	0.0411586501424	0.209458618624	0.495086959998	0.15	1.0
3000	PNode5	0.0	0.553571429	0.9	0.0	0.0411586501424	-0.209458618624	0.495086959998	0.15	1.0
3000	PNode5	0.0	0.41996340108	0.9	0.0	0.504510229954	-0.734201161729	0.581464422377	0.15	1.0
3000	PNode5	0.0	0.378145465899	0.9	0.0	0.537422213403	0.718675887387	0.537767344006	0.15	1.0
3000	PNode5	0.0	0.473954132297	0.9	0.0	-0.389162682059	-0.439562147907	0.404660433895	0.15	1.0
3000	PNode5	0.0	0.491760644398	0.9	0.0	0.76403445832	0.188334798803	0.373599564204	0.15	1.0
3000	PNode5	0.0	0.619431543775	0.9	0.0	0.643518720357	0.256447588667	0.627495814053	0.15	1.0
3000	PNode5	0.0	0.696450295157	0.9	0.0	0.497433922909	-0.460347007251	0.239925863888	0.15	-1.0
3000	PNode5	0.0	0.553571429	0.9	0.0	0.497433922909	-0.460347007251	0.239925863888	0.15	1.0
3000	PNode5	0.0	0.382826702339	0.9	0.0	0.527648124554	0.69285753327	0.521213895692	0.15	1.0
3000	PNode5	0.0	0.551778055899	0.9	0.0	0.458232847942	0.785954467085	0.433338464672	0.15	1.0
3000	PNode5	0.0	0.591483186015	0.9	0.0	0.225257463303	0.191972890984	0.451294850772	0.15	1.0
3000	PNode5	0.0	0.3935833719	0.9	0.0	-0.828904174323	-0.157349252755	0.539840892231	0.15	1.0
3000	PNode5	0.0	0.472009123205	0.9	0.0	0.0	0.770403754708	0.196428571429	0.15	1.0
3000	PNode5	0.0	0.700673120305	0.9	0.0	0.0	0.640326293858	0.196428571429	0.15	-1.0
3000	PNode5	0.0	0.553571429	0.9	0.0	0.0	0.640326293858	0.196428571429	0.15	1.0
3000	PNode5	0.0	0.169688877039	0.9	0.0	0.735312044683	-0.176823703435	0.550641532791	0.15	1.0
3000	PNode5	0.0	0.571120620983	0.9	0.0	-0.308410365509	0.185124433694	0.458824042826	0.15	1.0
3000	PNode5	0.0	0.693817509097	0.9	0.0	-0.363051716799	-0.581199688459	0.256754621849	0.15	-1.0
3000	PNode5	0.0	0.553571429	0.9	0.0	-0.363051716799	-0.581199688459	0.256754621849	0.15	1.0
3000	PNode5	0.0	0.282418303069	0.9	0.0	0.358698816038	-0.191094298338	0.248653457416	0.15	1.0
3000	PNode5	0.0	0.480460872001	0.9	0.0	-0.450404566564	-0.0844786841066	0.76192487107	0.15	1.0
3000	PNode5	0.0	0.617317480676	0.9	0.0	0.00918591608505	0.42544217619	0.33932436448	0.15	1.0
3000	PNode5	0.0	0.262323059039	0.9	0.0	0.624842015177	-0.422050894894	0.612611144643	0.15	1.0
3000	PNode5	0.0	0.576337231739	0.9	0.0	0.322982301753	-0.469716574467	0.636975062348	0.15	1.0
3000	PNode5	0.0	0.238937498899	0.9	0.0	-0.357974808816	-0.580510678276	0.445801657499	0.15	1.0
3000	PNode5	0.0	0.476220237351	0.9	0.0	0.0248093063336	-0.00707331725535	0.220446886467	0.15	1.0
3000	PNode5	0.0	0.388547752508	0.9	0.0	-0.24938032866	0.626056705401	0.553255298655	0.15	1.0
3000	PNode5	0.0	0.690076826068	0.9	0.0	-0.24938032866	-0.626056705401	0.553255298655	0.15	-1.0
3000	PNode5	0.0	0.553571429	0.9	0.0	-0.24938032866	-0.626056705401	0.553255298655	0.15	1.0
3000	PNode5	0.0	0.574398375201	0.9	0.0	-0.368468295675	-0.685079963115	0.718188141548	0.15	1.0
3000	PNode5	0.0	0.549238042645	0.9	0.0	-0.804151894176	0.217629868739	0.418910644176	0.15	1.0
3000	PNode5	0.0	0.303613344668	0.9	0.0	0.210579821934	0.0099620920383	0.428862500284	0.15	1.0
3000	PNode5	0.0	0.329084052969	0.9	0.0	-0.104460347439	0.489020842469	0.609116171366	0.15	1.0
3000	PNode5	0.0	0.289417582483	0.9	0.0	-0.223115088259	0.577425552346	0.475773663588	0.15	1.0
3000	PNode5	0.0	0.553571429	0.9	0.0	0.539108396866	0.483931026078	0.786125376532	0.15	1.0
3000	PNode5	0.0	0.566717301371	0.9	0.0	0.382268599161	-0.6645230982	0.575113320815	0.15	1.0
3000	PNode5	0.0	0.502342180874	0.9	0.0	-0.57162904534	-0.115704848254	0.251437293324	0.15	1.0
3000	PNode5	0.0	0.586504142329	0.9	0.0	-0.471076871449	0.341308337824	0.410848030201	0.15	1.0
3000	PNode5	0.0	0.496470017947	0.9	0.0	-0.497940020106	0.229755120097	0.294803411804	0.15	1.0
3000	PNode5	0.0	0.315516958296	0.9	0.0	-0.684045818673	-0.166237136973	0.300331308424	0.15	1.0
3000	PNode5	0.0	0.437332862604	0.9	0.0	-0.555555555556	-0.78991625999	0.697492354465	0.15	1.0
3000	PNode5	0.0	0.553571429	0.9	0.0	-0.45665146157	0.431579955117	0.454763139694	0.15	1.0
3000	PNode5	0.0	0.383814089536	0.9	0.0	-0.555555555556	0.0755000440282	0.697492354465	0.15	1.0
3000	PNode5	0.0	0.553571429	0.9	0.0	-0.0790660830418	-0.492565861082	0.467948896527	0.15	1.0
3000	PNode5	0.0	0.573912813443	0.9	0.0	-0.472022533055	-0.171813301646	0.631164935867	0.15	1.0
3000	PNode5	0.0	0.612841762328	0.9	0.0	-0.472022533055	-0.171813301646	0.631164935867	0.15	-1.0
3000	PNode5	0.0	0.553571429	0.9	0.0	-0.472022533055	-0.171813301646	0.631164935867	0.15	1.0
3000	PNode5	0.0	0.553571429	0.9	0.0	-0.472022533055	-0.171813301646	0.631164935867	0.15	1.0
3000	PNode5	0.0	0.287156045674	0.9	0.0	0.502413963451	0.680809190542	0.273493740329	0.15	1.0
3000	PNode5	0.0	0.659099564041	0.9	0.0	-0.366334347063	0.624533876101	0.470117832846	0.15	1.0
3000	PNode5	0.0	0.190990872455	0.9	0.0	0.434785098373	-0.0407637737585	0.376396477302	0.15	1.0
3000	PNode5	0.0	0.553571429	0.9	0.0	0.350682054734	-0.446115760637	0.544128831481	0.15	1.0
3000	PNode5	0.0	0.552411557898	0.9	0.0	-0.644163529023	0.814004548388	0.453650623174	0.15	1.0
3000	PNode5	0.0	0.553571429	0.9	0.0	0.115106071335	0.232632412061	0.285101076114	0.15	1.0
3000	PNode5	0.0	0.405978025505	0.9	0.0	-0.725139114884	0.704081433291	0.465893072172	0.15	1.0
3000	PNode5	0.0	0.453434049455	0.9	0.0	-0.29129408111	-0.545154021472	0.44605250653	0.15	1.0
3000	PNode5	0.0	0.376753914832	0.9	0.0	-0.409611255054	0.0595156305937	0.435674686917	0.15	1.0
3000	PNode5	0.0	0.53822570306	0.9	0.0	-0.427576264155	0.641833206543	0.582677256137	0.15	1.0
3000	PNode5	0.0	0.400210202085	0.9	0.0	0.712646366487	0.346096936932	0.282241756921	0.15	1.0
3000	PNode5	0.0	0.342405891507	0.9	0.0	-0.550932384115	-0.738231632655	0.524938382758	0.15	1.0
3000	PNode5	0.0	0.73116410595	0.9	0.0	-0.693332640309	0.555555555556	0.511595836322	0.15	-1.0
3000	PNode5	0.0	0.553571429	0.9	0.0	-0.693332640309	0.555555555556	0.511595836322	0.15	1.0
3000	PNode5	0.0	0.481523726459	0.9	0.0	0.234526594512	0.625070157502	0.264961693245	0.15	1.0
3000	PNode5	0.0	0.508441754434	0.9	0.0	0.636373960288	-0.531827704211	0.39781650824	0.15	1.0
3000	PNode5	0.0	0.533681910698	0.9	0.0	0.306348110994	0.077561630718	0.490831834489	0.15	1.0
3000	PNode5	0.0	0.347673709141	0.9	0.0	0.499827302988	0.645101168058	0.201829332665	0.15	1.0
3000	PNode5	0.0	0.36324218807	0.9	0.0	-0.165078172468	-0.296719606907	0.627377154999	0.15	1.0
3000	PNode5	0.0	0.379390986082	0.9	0.0	0.170555868411	-0.495753081789	0.628776132121	0.15	1.0
3000	PNode5	0.0	0.39781650824	0.9	0.0	-0.643003530861	0.0980675532172	0.597738678514	0.15	1.0
3000	PNode5	0.0	0.553571429	0.9	0.0	-0.643003530861	-0.0980675532172	0.597738678514	0.15	1.0
3000	PNode5	0.0	0.553571429	0.9	0.0	-0.183439684542	0.103616360338	0.182709329896	0.15	1.0
3000	PNode5	0.0	0.338937715754	0.9	0.0	0.380264765137	-0.766700357643	0.241305020659	0.15	1.0
3000	PNode5	0.0	0.409341452885	0.9	0.0	-0.0364293717161	-0.177152247444	0.459099883885	0.15	1.0
3000	PNode5	0.0	0.499140887379	0.9	0.0	-0.525258868216	-0.478345274766	0.470748936829	0.15	1.0
3000	PNode5	0.0	0.419206940173	0.9	0.0	0.283811318544	0.125821010494	0.521075535557	0.15	1.0
3000	PNode5	0.0	0.558400281234	0.9	0.0	0.0598024737664	0.665871775834	0.585851016337	0.15	1.0
3000	PNode5	0.0	0.192416082189	0.9	0.0	-0.623524418	0.321917970172	0.582879191358	0.15	1.0
3000	PNode5	0.0	0.404660433895	0.9	0.0	0.532745552272	0.721948429052	0.664227816647	0.15	1.0
3000	PNode5	0.0	0.553571429	0.9	0.0	0.366047697624	0.55217110625	0.326149094079	0.15	1.0
3000	PNode5	0.0	0.600476820774	0.9	0.0	0.657071776427	0.630173977312	0.616667629834	0.15	1.0
3000	PNode5	0.0	0.255999619096	0.9	0.0	0.512619919509	-0.667154108683	0.644181326968	0.15	1.0
3000	PNode5	0.0	0.447179951927	0.9	0.0	0.661453290432	-0.149837338954	0.64288039399	0.15	1.0
3000	PNode5	0.0	0.557143905096	0.9	0.0	0.69140173891	-0.118866125043	0.498395356185	0.15	1.0
3000	PNode5	0.0	0.594965225657	0.9	0.0	0.582748125454	0.754130563684	0.538037005701	0.15	1.0
3000	PNode5	0.0	0.675366696224	0.9	0.0	0.542457880367	0.237648467564	0.790245545425	0.15	-1.0
3000	PNode5	0.0	0.553571429	0.9	0.0	0.542457880367	0.237648467564	0.790245545425	0.15	1.0
3000	PNode5	0.0	0.620989189806	0.9	0.0	0.619684307503	-0.207798379731	0.252869032186	0.15	-1.0
3000	PNode5	0.0	0.553571429	0.9	0.0	0.619684307503	-0.207798379731	0.252869032186	0.15	1.0
3000	PNode5	0.0	0.396924593637	0.9	0.0	0.515283537316	-0.624908402347	0.694601707602	0.15	1.0
3000	PNode5	0.0	0.553571429	0.9	0.0	-0.252744191602	-0.480171680898	0.357477560943	0.15	1.0
3000	PNode5	0.0	0.553571429	0.9	0.0	-0.299431107708	-0.541267492986	0.475058447359	0.15	1.0
3000	PNode5	0.0	0.191390590724	0.9	0.0	-0.729815489744	-0.0543050043827	0.623092793738	0.15	1.0
3000	PNode5	0.0	0.506660596477	0.9	0.0	-0.197850215413	-0.343011437188	0.463100107098	0.15	1.0
3000	PNode5	0.0	0.257461061925	0.9	0.0	-0.429580571337	-0.484267581449	0.736274521271	0.15	1.0
3000	PNode5	0.0	0.553571429	0.9	0.0	0.406516822879	-0.398246559775	0.625571209311	0.15	1.0
3000	PNode5	0.0	0.59585786604	0.9	0.0	-0.207052145909	-0.685383288698	0.33477995517	0.15	1.0
3000	PNode5	0.0	0.338937715754	0.9	0.0	0.567680458805	0.110773168085	0.617630167368	0.85	-1.0
3000	PNode5	0.0	0.603768506898	0.9	0.0	0.136498925682	-0.738832741754	0.408603338385	0.15	1.0
3000	PNode5	0.0	0.57778783393	0.9	0.0	0.350061256609	0.680100861523	0.733203634719	0.15	1.0
3000	PNode5	0.0	0.189845970127	0.9	0.0	-0.0661212968254	-0.309674000076	0.263575206666	0.15	1.0
3000	PNode5	0.0	0.436600049053	0.9	0.0	0.786333779929	0.544838870991	0.47191919901	0.15	1.0
3000	PNode5	0.0	0.256141297841	0.9	0.0	-0.220724649331	-0.0224481847463	0.462613005056	0.15	1.0
3000	PNode5	0.0	0.619551479326	0.9	0.0	0.577885670648	0.287150875871	0.681055123788	0.15	1.0
3000	PNode5	0.0	0.313228039413	0.9	0.0	0.589213715974	0.638393047009	0.677348920987	0.15	1.0
3000	PNode5	0.0	0.468552181903	0.9	0.0	0.605287205759	-0.621519206896	0.480106168198	0.15	1.0
3000	PNode5	0.0	0.315639238816	0.9	0.0	0.315907569646	0.0193747506759	0.349529919143	0.15	1.0
3000	PNode5	0.0	0.219035043361	0.9	0.0	-0.632765836345	0.32239398309	0.499140887379	0.15	1.0
3000	PNode5	0.0	0.505129844234	0.9	0.0	-0.667781196553	-0.430895007604	0.520327873451	0.15	1.0
3000	PNode5	0.0	0.568574767503	0.9	0.0	-0.505390543297	0.198538913047	0.653134736079	0.15	1.0
3000	PNode5	0.0	0.36103321551	0.9	0.0	-0.186433310634	0.213724026035	0.269365192883	0.15	1.0
3000	PNode5	0.0	0.566200445012	0.9	0.0	-0.673755899816	-0.136013723689	0.589510768569	0.15	1.0
3000	PNode5	0.0	0.345276249958	0.9	0.0	0.038198247641	0.446115760637	0.322071602706	0.15	1.0
3000	PNode5	0.0	0.469124729859	0.9	0.0	0.434785098373	-0.667381334921	0.500257501389	0.15	1.0
3000	PNode5	0.0	0.56612288293	0.9	0.0	0.214929663543	-0.686662410817	0.617052795883	0.15	1.0
3000	PNode5	0.0	0.457719359369	0.9	0.0	-0.42157418691	-0.727590556969	0.708076356119	0.15	1.0
3000	PNode5	0.0	0.66216694931	0.9	0.0	-0.284819904319	-0.436857169495	0.230322156925	0.15	-1.0
3000	PNode5	0.0	0.553571429	0.9	0.0	-0.284819904319	-0.436857169495	0.230322156925	0.15	1.0
3000	PNode5	0.0	0.541666666667	0.9	0.0	-0.744855367815	-0.233637585383	0.422128244413	0.15	1.0
3000	PNode5	0.0	0.553571429	0.9	0.0	-0.203210059408	-0.418733710333	0.427146178426	0.15	1.0
3000	PNode5	0.0	0.553571429	0.9	0.0	-0.427230562366	-0.282942121052	0.604136046775	0.15	1.0
3000	PNode5	0.0	0.354044982857	0.9	0.0	-0.41592675958	-0.264195186816	0.675032126144	0.15	1.0
3000	PNode5	0.0	0.447211237811	0.9	0.0	-0.635593502381	-0.417989014095	0.626498491041	0.15	1.0
3000	PNode5	0.0	0.44060282255	0.9	0.0	0.36969979556	0.361621755197	0.512942767013	0.15	1.0
3000	PNode5	0.0	0.522043429421	0.9	0.0	0.0245937478144	-0.186030718018	0.565890143986	0.15	1.0
3000	PNode5	0.0	0.252344702138	0.9	0.0	-0.530174212531	0.267047985636	0.702229972322	0.15	1.0
3000	PNode5	0.0	0.452659902152	0.9	0.0	-0.288861282913	-0.477281583384	0.555465096643	0.15	1.0
3000	PNode5	0.0	0.237151530961	0.9	0.0	0.767164806232	0.118762071601	0.352244148019	0.15	1.0
3000	PNode5	0.0	0.574500555411	0.9	0.0	-0.438736762864	-0.624348121037	0.188178283347	0.15	1.0
3000	PNode5	0.0	0.553571429	0.9	0.0	0.0903582638962	0.339371562097	0.535091695342	0.15	1.0
3000	PNode5	0.0	0.553571429	0.9	0.0	0.0903582638962	0.339371562097	0.535091695342	0.15	1.0
3000	PNode5	0.0	0.517968392598	0.9	0.0	-0.506512395793	-0.292477646948	0.488503597498	0.15	1.0
3000	PNode5	0.0	0.348318535535	0.9	0.0	0.262069767761	-0.574668613568	0.653616368199	0.15	1.0
3000	PNode5	0.0	0.570247347582	0.9	0.0	-0.59003336254	-0.451518900969	0.226498220802	0.15	1.0
3000	PNode5	0.0	0.561531074622	0.9	0.0	0.500548113169	0.143268671066	0.531098448615	0.15	1.0
3000	PNode5	0.0	0.378145465899	0.9	0.0	0.112859755846	0.718675887387	0.405471651192	0.15	1.0
3000	PNode5	0.0	0.454670512382	0.9	0.0	-0.1761050901	-0.832418048412	0.60567767882	0.15	1.0
3000	PNode5	0.0	0.454670512382	0.9	1.0	-0.1761050901	-0.832418048412	0.60567767882	0.15	-1.0
3000	PNode5	0.0	0.553571429	0.9	0.0	0.258835948649	0.42382984192	0.563013167173	0.15	1.0
3000	PNode5	0.0	0.294417975876	0.9	0.0	-0.598023082639	-0.0816476602755	0.652583931262	0.15	1.0
3000	PNode5	0.0	0.553571429	0.9	0.0	-0.598023082639	-0.0816476602755	0.652583931262	0.15	1.0
3000	PNode5	0.0	0.409777127201	0.9	0.0	0.341521460837	-0.144313199697	0.714306972518	0.15	1.0
3000	PNode5	0.0	0.500114458283	0.9	0.0	0.0441522762345	0.0136013100643	0.358072010175	0.15	1.0
3000	PNode5	0.0	0.379426526644	0.9	0.0	-0.0803163783418	0.144598423594	0.563921630234	0.15	1.0
3000	PNode5	0.0	0.346799876265	0.9	0.0	0.352724673438	-0.327963594779	0.565502069904	0.15	1.0
3000	PNode5	0.0	0.54402197095	0.9	0.0	0.682411829196	0.497118045302	0.612417417556	0.15	1.0
3000	PNode5	0.0	0.607142857143	0.9	0.0	0.0470873436332	0.0	0.328371916023	0.15	-1.0
3000	PNode5	0.0	0.553571429	0.9	0.0	0.0470873436332	0.0	0.328371916023	0.15	1.0
3000	PNode5	0.0	0.615824375297	0.9	0.0	0.206163509062	-0.677702724318	0.378109833758	0.15	1.0
3000	PNode5	0.0	0.647400885849	0.9	0.0	-0.489020842469	-0.578866518602	0.777215724987	0.15	1.0
3000	PNode5	0.0	0.451015233039	0.9	0.0	0.352345496148	0.354394475844	0.653387057024	0.15	1.0
3000	PNode5	0.0	0.348318535535	0.9	0.0	0.0755000440282	-0.536442497543	0.551434659063	0.15	1.0
3000	PNode5	0.0	0.678267288568	0.9	0.0	0.0755000440282	0.536442497543	0.551434659063	0.15	-1.0
3000	PNode5	0.0	0.553571429	0.9	0.0	0.0755000440282	0.536442497543	0.551434659063	0.15	1.0
3000	PNode5	0.0	0.553571429	0.9	0.0	0.0755000440282	0.536442497543	0.551434659063	0.15	1.0
3000	PNode5	0.0	0.458609408715	0.9	0.0	-0.510274221537	0.0218699967905	0.53889918042	0.15	1.0
3000	PNode5	0.0	0.659895971923	0.9	0.0	-0.631196703772	-0.574668613568	0.630219785816	0.15	1.0
3000	PNode5	0.0	0.621922205695	0.9	0.0	0.49641813923	0.539482065771	0.636998494376	0.15	1.0
3000	PNode5	0.0	0.640854883948	0.9	0.0	0.687085217283	-0.500649569752	0.313514816643	0.15	1.0
3000	PNode5	0.0	0.493787508392	0.9	0.0	-0.698560723515	-0.358698816038	0.572684612908	0.15	1.0
3000	PNode5	0.0	0.553571429	0.9	0.0	0.250515650222	0.451265095705	0.636154483319	0.15	1.0
3000	PNode5	0.0	0.296980803691	0.9	0.0	0.515559255604	0.237193479225	0.551249680207	0.15	1.0
3000	PNode5	0.0	0.553571429	0.9	0.0	0.586290776815	-0.466747283268	0.268543347526	0.15	1.0
3000	PNode5	0.0	0.681365043795	0.9	0.0	-0.11925793924	-0.525789756215	0.164738034311	0.15	-1.0
3000	PNode5	0.0	0.553571429	0.9	0.0	-0.11925793924	-0.525789756215	0.164738034311	0.15	1.0
3000	PNode5	0.0	0.554097981844	0.9	0.0	0.0853237915929	0.841957907576	0.474551314474	0.15	1.0
3000	PNode5	0.0	0.378572852584	0.9	0.0	-0.305153591495	-0.657619423895	0.706597184971	0.15	1.0
3000	PNode5	0.0	0.553571429	0.9	0.0	-0.436443884986	-0.175926329603	0.734823451424	0.15	1.0
3000	PNode5	0.0	0.48952329719	0.9	0.0	-0.64632567111	0.0484679963418	0.40719133584	0.15	1.0
3000	PNode5	0.0	0.650560940937	0.9	0.0	-0.281049495154	0.160017306802	0.603940048759	0.15	-1.0
3000	PNode5	0.0	0.553571429	0.9	0.0	-0.281049495154	0.160017306802	0.603940048759	0.15	1.0
3000	PNode5	0.0	0.553571429	0.9	0.0	-0.281049495154	-0.160017306802	0.603940048759	0.15	1.0
3000	PNode5	0.0	0.544769633418	0.9	0.0	-0.72884251195	-0.622932759075	0.540405273822	0.15	1.0
3000	PNode5	0.0	0.553571429	0.9	0.0	0.234002860488	-0.494494240159	0.504021962097	0.15	1.0
3000	PNode5	0.0	0.398672669382	0.9	0.0	-0.797292736557	-0.561306284972	0.546581888804	0.15	1.0
3000	PNode5	0.0	0.458364014894	0.9	0.0	0.689679752125	0.648635125179	0.305244842552	0.15	1.0
3000	PNode5	0.0	0.629770421634	0.9	0.0	0.0817379763249	-0.659300877661	0.552094881645	0.15	1.0
3000	PNode5	0.0	0.553571429	0.9	0.0	0.0817379763249	0.640326293858	0.552094881645	0.15	1.0
3000	PNode5	0.0	0.553571429	0.9	0.0	0.0817379763249	0.640326293858	0.552094881645	0.15	1.0
3000	PNode5	0.0	0.344015484257	0.9	0.0	-0.727833446582	-0.22184123136	0.596551372078	0.15	1.0
3000	PNode5	0.0	0.551910084808	0.9	0.0	0.0821533956297	0.263326685374	0.240517578822	0.15	1.0
3000	PNode5	0.0	0.624333034399	0.9	0.0	0.474856374706	0.297558450632	0.694362171604	0.15	1.0
3000	PNode5	0.0	0.614931881367	0.9	0.0	0.868471307925	-0.379317203343	0.500371912091	0.15	1.0
3000	PNode5	0.0	0.352356901743	0.9	0.0	0.229419748188	0.555555555556	0.609408059588	0.15	1.0
3000	PNode5	0.0	0.553571429	0.9	0.0	0.229419748188	0.555555555556	0.609408059588	0.15	1.0
3000	PNode5	0.0	0.553571429	0.9	0.0	0.229419748188	0.555555555556	0.609408059588	0.15	1.0
3000	PNode5	0.0	0.585901278282	0.9	0.0	-0.508911139418	0.410957131962	0.775197334129	0.15	1.0
3000	PNode5	0.0	0.387779356129	0.9	0.0	-0.563001125857	0.614365946799	0.280826581692	0.15	1.0
3000	PNode5	0.0	0.553571429	0.9	0.0	0.0761750011732	-0.262069767761	0.323995096808	0.15	1.0
3000	PNode5	0.0	0.562753383966	0.9	0.0	0.566218395612	-0.149317988605	0.718632371426	0.15	1.0
3000	PNode5	0.0	0.384482999585	0.9	0.0	-0.59811588706	0.083814500919	0.230930109431	0.15	1.0
3000	PNode5	0.0	0.553571429	0.9	0.0	-0.00955827364109	-0.537786547804	0.321468788383	0.15	1.0
3000	PNode5	0.0	0.553571429	0.9	0.0	-0.422916209	0.475155271243	0.716345244118	0.15	1.0
3000	PNode5	0.0	0.502655704633	0.9	0.0	0.520909009237	0.376461214845	0.740613034879	0.15	1.0
3000	PNode5	0.0	0.553571429	0.9	0.0	0.0449529044185	0.48972643356	0.537038703808	0.15	1.0
3000	PNode5	0.0	0.327539654331	0.9	0.0	0.471380067017	-0.0188583387928	0.660918730014	0.15	1.0
3000	PNode5	0.0	0.636998494376	0.9	0.0	0.417308311149	0.268119059093	0.726211435018	0.15	-1.0
3000	PNode5	0.0	0.553571429	0.9	0.0	0.417308311149	0.268119059093	0.726211435018	0.15	1.0
3000	PNode5	0.0	0.553571429	0.9	0.0	-0.255359015654	-0.388019328578	0.50447671598	0.15	1.0
3000	PNode5	0.0	0.415905543969	0.9	0.0	-0.533457893725	0.68426924106	0.689468911143	0.15	1.0
3000	PNode5	0.0	0.21777510359	0.9	0.0	-0.408781999511	-0.537875355751	0.207845957565	0.15	1.0
3000	PNode5	0.0	0.571531191061	0.9	0.0	0.532988046367	-0.668121762393	0.672641424675	0.15	1.0
3000	PNode5	0.0	0.553571429	0.9	0.0	0.31533359245	0.470034344123	0.626427202627	0.15	1.0
3000	PNode5	0.0	0.553571429	0.9	0.0	0.31533359245	0.470034344123	0.626427202627	0.15	1.0
3000	PNode5	0.0	0.498395356185	0.9	0.0	-0.459689308415	-0.419709372201	0.815495146911	0.15	1.0
3000	PNode5	0.0	0.453650623174	0.9	0.0	0.11925793924	0.644163529023	0.44852368767	0.15	1.0
3000	PNode5	0.0	0.601657660365	0.9	0.0	0.689172978101	-0.27566242442	0.463738810681	0.15	1.0
3000	PNode5	0.0	0.602664764227	0.9	0.0	-0.623010405102	-0.307088319928	0.367193050438	0.15	1.0
3000	PNode5	0.0	0.400585351458	0.9	0.0	0.0608285178722	0.122147168762	0.227470942329	0.15	1.0
3000	PNode5	0.0	0.283343899551	0.9	0.0	0.257048059917	-0.0944524809304	0.333098309877	0.15	1.0
3000	PNode5	0.0	0.553571429	0.9	0.0	-0.166613991121	-0.282942121052	0.646128579297	0.15	1.0
3000	PNode5	0.0	0.328173898959	0.9	0.0	-0.578365558839	-0.332173993283	0.664227816647	0.15	1.0
3000	PNode5	0.0	0.553571429	0.9	0.0	-0.578365558839	-0.332173993283	0.664227816647	0.15	1.0
3000	PNode5	0.0	0.651205196003	0.9	0.0	-0.53830640707	-0.660300273271	0.571428571429	0.15	1.0
3000	PNode5	0.0	0.553571429	0.9	0.0	0.499087391853	0.479469273221	0.303193996452	0.15	1.0
3000	PNode5	0.0	0.564621619779	0.9	0.0	0.619684307503	-0.678101796378	0.29935861359	0.15	1.0
3000	PNode5	0.0	0.41976616584	0.9	0.0	0.456184423436	0.544504028269	0.72261988954	0.15	1.0
3000	PNode5	0.0	0.320341322237	0.9	0.0	-0.068792565481	0.67126040381	0.371364998192	0.15	1.0
3000	PNode5	0.0	0.582121634411	0.9	0.0	-0.0138679347417	0.615071186149	0.184582160592	0.15	1.0
3000	PNode5	0.0	0.435930113341	0.9	0.0	-0.0257106824658	0.474911892743	0.536147043134	0.15	1.0
3000	PNode5	0.0	0.553571429	0.9	0.0	0.535156732375	-0.555555555556	0.756782081522	0.15	1.0
3000	PNode5	0.0	0.542979176829	0.9	0.0	-0.340901578063	0.410634923374	0.317591069883	0.15	1.0
3000	PNode5	0.0	0.452504946865	0.9	0.0	-0.457165303774	0.670661626891	0.305954048283	0.15	1.0
3000	PNode5	0.0	0.553571429	0.9	0.0	-0.534383577833	0.205116351718	0.584165165218	0.15	1.0
3000	PNode5	0.0	0.553571429	0.9	0.0	0.184338483681	0.339751758407	0.34298138977	0.15	1.0
3000	PNode5	0.0	0.614931881367	0.9	0.0	0.58355499427	-0.276609986214	0.73183061206	0.15	1.0
3000	PNode5	0.0	0.437109934609	0.9	0.0	-0.729974279468	-0.587685953117	0.518968767338	0.15	1.0
3000	PNode5	0.0	0.573810546555	0.9	0.0	-0.49330307322	0.109825394687	0.455596113626	0.15	1.0
3000	PNode5	0.0	0.576464598601	0.9	0.0	-0.0192867273684	0.517010735036	0.535957746944	0.15	1.0
3000	PNode5	0.0	0.28928744967	0.9	0.0	-0.34768552314	0.73237925899	0.549370573268	0.15	1.0
3000	PNode5	0.0	0.298680620465	0.9	0.0	0.4656293376	0.050439713333	0.445299624936	0.15	1.0
3000	PNode5	0.0	0.59647710001	0.9	0.0	-0.386333814764	0.208981642767	0.591458252923	0.15	1.0
3000	PNode5	0.0	0.553571429	0.9	0.0	0.545154021472	-0.422916209	0.453434049455	0.15	1.0
3000	PNode5	0.0	0.56805930837	0.9	0.0	0.611283808123	-0.673086689701	0.522706284378	0.15	1.0
3000	PNode5	0.0	0.550826679581	0.9	0.0	-0.611577438369	0.069250301808	0.41295007075	0.15	1.0
3000	PNode5	0.0	0.537254681535	0.9	0.0	-0.398464744624	-0.632827608705	0.68353113289	0.15	1.0
3000	PNode5	0.0	0.407998657647	0.9	0.0	0.601128222055	0.227591960777	0.403949586583	0.15	1.0
3000	PNode5	0.0	0.553571429	0.9	0.0	-0.670287760486	0.180036325055	0.584668827211	0.15	1.0
3000	PNode5	0.0	0.553571429	0.9	0.0	-0.630173977312	-0.241193270841	0.600476820774	0.15	1.0
3000	PNode5	0.0	0.416831985074	0.9	0.0	0.121402024249	-0.150415513407	0.334037672238	0.15	1.0
3000	PNode5	0.0	0.368648210566	0.9	0.0	0.823716676568	-0.246705018789	0.438223682793	0.15	1.0
3000	PNode5	0.0	0.254769487336	0.9	0.0	0.0872435767457	0.113115395626	0.606703614233	0.15	1.0
3000	PNode5	0.0	0.600441636693	0.9	0.0	0.0872435767457	-0.113115395626	0.606703614233	0.15	-1.0
3000	PNode5	0.0	0.553571429	0.9	0.0	0.0872435767457	-0.113115395626	0.606703614233	0.15	1.0
3000	PNode5	0.0	0.609772755477	0.9	0.0	-0.477281583384	0.637438452039	0.681342910631	0.15	1.0
3000	PNode5	0.0	0.505952380952	0.9	0.0	-0.457692263177	0.655927189557	0.552385173914	0.15	1.0
3000	PNode5	0.0	0.552411557898	0.9	0.0	0.0252519566529	0.158077358831	0.214498231574	0.15	1.0
3000	PNode5	0.0	0.293517225028	0.9	0.0	-0.567543480631	0.541121736693	0.377682048691	0.15	1.0
3000	PNode5	0.0	0.400039590015	0.9	0.0	-0.188334798803	0.60722118673	0.559628229226	0.15	1.0
3000	PNode5	0.0	0.553571429	0.9	0.0	-0.188334798803	-0.60722118673	0.559628229226	0.15	1.0
3000	PNode5	0.0	0.370786681225	0.9	0.0	0.498327612014	-0.320275252961	0.818409862981	0.15	1.0
3000	PNode5	0.0	0.553571429	0.9	0.0	-0.467015899193	0.344975733622	0.521518182791	0.15	1.0
3000	PNode5	0.0	0.586504142329	0.9	0.0	-0.755720761605	0.314618851734	0.498997585839	0.15	1.0
3000	PNode5	0.0	0.336960707745	0.9	0.0	-0.0992949905371	0.444103543818	0.434011539729	0.15	1.0
3000	PNode5	0.0	0.320341322237	0.9	0.0	0.585637632677	-0.67126040381	0.67295463707	0.15	1.0
3000	PNode5	0.0	0.700673120305	0.9	0.0	0.585637632677	0.640326293858	0.67295463707	0.15	-1.0
3000	PNode5	0.0	0.553571429	0.9	0.0	0.585637632677	0.640326293858	0.67295463707	0.15	1.0
3000	PNode5	0.0	0.553571429	0.9	0.0	0.585637632677	0.640326293858	0.67295463707	0.15	1.0
3000	PNode5	0.0	0.664725234923	0.9	0.0	-0.322604944999	0.258179601128	0.583736768721	0.15	-1.0
3000	PNode5	0.0	0.553571429	0.9	0.0	-0.322604944999	0.258179601128	0.583736768721	0.15	1.0
3000	PNode5	0.0	0.322914161449	0.9	0.0	-0.156784993699	-0.548819042057	0.314169594594	0.15	1.0
3000	PNode5	0.0	0.553571429	0.9	0.0	-0.653302506603	0.252463550751	0.522623464955	0.15	1.0
3000	PNode5	0.0	0.618110964825	0.9	0.0	-0.633829527727	0.583834691884	0.452659902152	0.15	1.0
3000	PNode5	0.0	0.585976664479	0.9	0.0	-0.386773986022	-0.610508321023	0.361770667304	0.15	1.0
3000	PNode5	0.0	0.553571429	0.9	0.0	0.0494342338359	0.372814838476	0.477647027429	0.15	1.0
3000	PNode5	0.0	0.553571429	0.9	0.0	0.629191198781	0.458127130516	0.448024064944	0.15	1.0
3000	PNode5	0.0	0.553571429	0.9	0.0	0.0331330266601	-0.10670126642	0.262323059039	0.15	1.0
3000	PNode5	0.0	0.180529274575	0.9	0.0	-0.577792105132	-0.258713292971	0.550509253739	0.15	1.0
3000	PNode5	0.0	0.541559407853	0.9	0.0	0.500253574662	-0.302304702861	0.797097099392	0.15	1.0
3000	PNode5	0.0	0.36324218807	0.9	0.0	0.788828962851	-0.296719606907	0.543808198206	0.15	1.0
3000	PNode5	0.0	0.530962192495	0.9	0.0	0.821005362025	0.196856739518	0.47809220019	0.15	1.0
3000	PNode5	0.0	0.553387037515	0.9	0.0	-0.156358811914	0.132260778059	0.423925687237	0.15	1.0
3000	PNode5	0.0	0.553571429	0.9	0.0	0.55929814128	-0.0588103912435	0.676458644548	0.15	1.0
3000	PNode5	0.0	0.512045132634	0.9	0.0	0.531721142702	0.801051421159	0.255763368844	0.15	1.0
3000	PNode5	0.0	0.426821738958	0.9	0.0	-0.548410795486	-0.227591960777	0.714370743961	0.15	1.0
3000	PNode5	0.0	0.315149910115	0.9	0.0	0.615190369855	-0.700563375621	0.48075629827	0.15	1.0
3000	PNode5	0.0	0.491267390133	0.9	0.0	-0.257202100704	-0.560433790648	0.600624531682	0.15	1.0
3000	PNode5	0.0	0.356249161373	0.9	0.0	-0.357531564123	0.272443204474	0.581666707118	0.15	1.0
3000	PNode5	0.0	0.59335068097	0.9	0.0	0.407029677821	0.118762071601	0.405978025505	0.15	-1.0
3000	PNode5	0.0	0.553571429	0.9	0.0	0.407029677821	0.118762071601	0.405978025505	0.15	1.0
3000	PNode5	0.0	0.617317480676	0.9	0.0	0.462352817676	-0.42544217619	0.585750481696	0.15	1.0
3000	PNode5	0.0	0.381978821703	0.9	0.0	-0.323458207918	0.11820034426	0.298892611465	0.15	1.0
3000	PNode5	0.0	0.553571429	0.9	0.0	-0.861421488504	0.516495263964	0.483585021765	0.15	1.0
3000	PNode5	0.0	0.526230011089	0.9	0.0	0.423294777496	-0.742271695164	0.673424223553	0.15	1.0
3000	PNode5	0.0	0.265837218103	0.9	0.0	-0.409422526323	-0.625287004614	0.599121388468	0.15	1.0
3000	PNode5	0.0	0.553571429	0.9	0.0	-0.409422526323	-0.625287004614	0.599121388468	0.15	1.0
3000	PNode5	0.0	0.554097981844	0.9	0.0	-0.115366319779	-0.269153203535	0.357514735744	0.15	1.0
3000	PNode5	0.0	0.548574994896	0.9	0.0	-0.474534586309	0.618069343865	0.359702939705	0.15	1.0
3000	PNode5	0.0	0.45596593694	0.9	0.0	-0.796748826397	0.33451299375	0.434747778553	0.15	1.0
3000	PNode5	0.0	0.584694000848	0.9	0.0	0.103095710276	-0.10206386834	0.536714603843	0.15	1.0
3000	PNode5	0.0	0.335598963189	0.9	0.0	0.264973900305	-0.568653230744	0.629273442016	0.15	1.0
3000	PNode5	0.0	0.53305737994	0.9	0.0	-0.354571935776	0.693393582439	0.376432232658	0.15	1.0
3000	PNode5	0.0	0.595634810467	0.9	0.0	0.227591960777	-0.370143695912	0.257414007163	0.15	1.0
3000	PNode5	0.0	0.462460701991	0.9	0.0	-0.519619286097	-0.828511707948	0.626902330031	0.15	1.0
3000	PNode5	0.0	0.553571429	0.9	0.0	-0.519619286097	-0.640326293858	0.626902330031	0.15	1.0
3000	PNode5	0.0	0.477528258589	0.9	0.0	0.430194239751	-0.305865932949	0.453928954815	0.15	1.0
3000	PNode5	0.0	0.621372107784	0.9	0.0	-0.769480515768	-0.305071598299	0.432086287337	0.15	1.0
3000	PNode5	0.0	0.318442257738	0.9	0.0	0.527276419227	0.418596012203	0.302185857451	0.15	1.0
3000	PNode5	0.0	0.391228027861	0.9	0.0	-0.0477217428377	-0.209324852494	0.322432896209	0.15	1.0
3000	PNode5	0.0	0.553571429	0.9	0.0	-0.0755000440282	0.514396905413	0.216193520008	0.15	1.0
3000	PNode5	0.0	0.626355907395	0.9	0.0	-0.5484822383	0.224019489623	0.722788256716	0.15	-1.0
3000	PNode5	0.0	0.553571429	0.9	0.0	-0.5484822383	0.224019489623	0.722788256716	0.15	1.0
3000	PNode5	0.0	0.350436405636	0.9	0.0	-0.068792565481	0.485685409381	0.371364998192	0.15	1.0
3000	PNode5	0.0	0.306911682448	0.9	0.0	-0.402932192399	-0.40770206859	0.510048932886	0.15	1.0
3000	PNode5	0.0	0.166728663909	0.9	0.0	-0.129311541089	-0.0147344373331	0.601288855933	0.15	1.0
3000	PNode5	0.0	0.310060840779	0.9	0.0	-0.596319329314	-0.292844389782	0.319413020493	0.15	1.0
3000	PNode5	0.0	0.553571429	0.9	0.0	-0.431181077406	0.469369661644	0.723103854447	0.15	1.0
3000	PNode5	0.0	0.184523809524	0.9	0.0	0.428928150103	0.0	0.779190136649	0.15	1.0
3000	PNode5	0.0	0.553571429	0.9	0.0	-0.693646625035	-0.500725417414	0.640365158327	0.15	1.0
3000	PNode5	0.0	0.644529414801	0.9	0.0	-0.430441342131	-0.382268599161	0.766017587308	0.15	-1.0
3000	PNode5	0.0	0.553571429	0.9	0.0	-0.430441342131	-0.382268599161	0.766017587308	0.15	1.0
3000	PNode5	0.0	0.403949586583	0.9	0.0	-0.41592675958	-0.145944300501	0.202876601976	0.15	1.0
3000	PNode5	0.0	0.381306563897	0.9	0.0	-0.68426924106	-0.399588124256	0.415905543969	0.15	1.0
3000	PNode5	0.0	0.517189235906	0.9	0.0	-0.450237461606	-0.133139479846	0.732163669409	0.15	1.0
3000	PNode5	0.0	0.285101076114	0.9	0.0	0.0630915748275	-0.570289992889	0.616017204478	0.15	1.0
3000	PNode5	1.0	0.285101076114	0.9	0.0	0.0630915748275	0.570289992889	0.616017204478	0.15	-1.0
3000	PNode5	0.0	0.358072010175	0.9	0.0	0.552071074861	-0.411031645319	0.735383441742	0.15	1.0
3000	PNode5	0.0	0.546608502807	0.9	0.0	0.38771806995	0.438736762864	0.543487409761	0.15	1.0
3000	PNode5	0.0	0.553571429	0.9	0.0	0.581741930823	0.456150253333	0.676992929892	0.15	1.0
3000	PNode5	0.0	0.370352495026	0.9	0.0	-0.813882737592	-0.227591960777	0.493787508392	0.15	1.0
3000	PNode5	0.0	0.448430041915	0.9	0.0	-0.881480668074	-0.0594265542433	0.534116014682	0.15	1.0
3000	PNode5	0.0	0.467224134631	0.9	0.0	-0.123232460342	-0.509819414295	0.636435925106	0.15	1.0
3000	PNode5	0.0	0.50798987617	0.9	0.0	-0.186862166713	0.864406092322	0.633240086144	0.15	1.0
3000	PNode5	0.0	0.578296102015	0.9	0.0	-0.244841109262	-0.0362428820546	0.26694030564	0.85	-1.0
3000	PNode5	0.0	0.403847958081	0.9	0.0	0.346573912788	0.281115788997	0.690476190476	0.15	1.0
3000	PNode5	0.0	0.640854883948	0.9	0.0	-0.36645852073	-0.282942121052	0.566097026951	0.15	-1.0
3000	PNode5	0.0	0.553571429	0.9	0.0	-0.36645852073	-0.282942121052	0.566097026951	0.15	1.0
3000	PNode5	0.0	0.303739068026	0.9	0.0	0.546369639471	-0.435263687814	0.52918825667	0.15	1.0
3000	PNode5	0.0	0.553571429	0.9	0.0	0.350682054734	-0.381415336243	0.544128831481	0.15	1.0
3000	PNode5	0.0	0.251437293324	0.9	0.0	-0.293203635714	-0.57162904534	0.206107149613	0.15	1.0
3000	PNode5	0.0	0.539114547627	0.9	0.0	-0.353215551432	-0.296482742767	0.477617337435	0.15	1.0
3000	PNode5	0.0	0.553571429	0.9	0.0	-0.504201946991	0.495640785346	0.809371171826	0.15	1.0
3000	PNode5	0.0	0.567027228287	0.9	0.0	0.252463550751	-0.559895104196	0.630574356735	0.15	1.0
3000	PNode5	0.0	0.203255611457	0.9	0.0	0.252463550751	0.559895104196	0.630574356735	0.15	1.0
3000	PNode5	0.0	0.553571429	0.9	0.0	0.564397036364	-0.492031380643	0.554440020711	0.15	1.0
3000	PNode5	0.0	0.425229190028	0.9	0.0	0.352664651775	0.604826087635	0.490918970499	0.15	1.0
3000	PNode5	0.0	0.272951805382	0.9	0.0	0.181042734425	0.593548832092	0.539302936139	0.15	1.0
3000	PNode5	0.0	0.474551314474	0.9	0.0	-0.772138984141	-0.193933800358	0.56516556099	0.15	1.0
3000	PNode5	0.0	0.555149854665	0.9	0.0	0.402932192399	0.170257616017	0.510048932886	0.15	1.0
3000	PNode5	0.0	0.598924021509	0.9	0.0	0.455183921554	-0.147679646885	0.416666666667	0.15	-1.0
3000	PNode5	0.0	0.553571429	0.9	0.0	0.455183921554	-0.147679646885	0.416666666667	0.15	1.0
3000	PNode5	0.0	0.553571429	0.9	0.0	-0.414354861495	-0.597946053857	0.623856263792	0.15	1.0
3000	PNode5	0.0	0.341483598426	0.9	0.0	0.0961984947928	0.175504363873	0.451698501208	0.15	1.0
3000	PNode5	0.0	0.262648084331	0.9	0.0	-0.686662410817	-0.0441522762345	0.429088782534	0.15	1.0
3000	PNode5	0.0	0.553571429	0.9	0.0	0.516728920189	-0.520691848281	0.648140165987	0.15	1.0
3000	PNode5	0.0	0.44755526852	0.9	0.0	0.602025121789	-0.234641780198	0.522098693508	0.15	1.0
3000	PNode5	0.0	0.553571429	0.9	0.0	-0.519209304321	-0.541954245491	0.618495377124	0.15	1.0
3000	PNode5	0.0	0.477290649946	0.9	0.0	0.700007153862	-0.33743653694	0.607362378998	0.15	1.0
3000	PNode5	0.0	0.580907837909	0.9	0.0	0.518360648097	-0.512995224051	0.521601145099	0.15	1.0
3000	PNode5	0.0	0.424708163886	0.9	0.0	-0.298093110622	-0.593901569082	0.259291632906	0.15	1.0
3000	PNode5	0.0	0.455596113626	0.9	0.0	0.509687788822	-0.617808037891	0.205725544422	0.15	1.0
3000	PNode5	0.0	0.516520627064	0.9	0.0	-0.51084586785	-0.550871151834	0.214126237361	0.15	1.0
3000	PNode5	0.0	0.45596593694	0.9	0.0	0.628470877948	0.776598117361	0.249086811811	0.15	1.0
3000	PNode5	0.0	0.221904845039	0.9	0.0	0.391841244393	-0.564287893439	0.559863114835	0.15	1.0
3000	PNode5	0.0	0.554518928091	0.9	0.0	0.311516436089	0.693450641026	0.453434049455	0.15	1.0
3000	PNode5	0.0	0.315149910115	0.9	0.0	-0.186030718018	0.757121648279	0.522043429421	0.15	1.0
3000	PNode5	0.0	0.38973299158	0.9	0.0	0.255871097106	-0.757235097404	0.58738239684	0.15	1.0
3000	PNode5	0.0	0.345848194994	0.9	0.0	-0.361621755197	-0.0362428820546	0.720428043348	0.15	1.0
3000	PNode5	0.0	0.451512236492	0.9	0.0	-0.517921297033	0.822770804206	0.593276075175	0.15	1.0
3000	PNode5	0.0	0.553571429	0.9	0.0	-0.517921297033	-0.640326293858	0.593276075175	0.15	1.0
3000	PNode5	0.0	0.589760745076	0.9	0.0	0.527556116841	-0.0953311827177	0.73183061206	0.15	-1.0
3000	PNode5	0.0	0.553571429	0.9	0.0	0.527556116841	-0.0953311827177	0.73183061206	0.15	1.0
3000	PNode5	0.0	0.382685488402	0.9	0.0	-0.325455253156	-0.513994312797	0.631637064645	0.15	1.0
3000	PNode5	0.0	0.553571429	0.9	0.0	-0.325455253156	-0.513994312797	0.631637064645	0.15	1.0
3000	PNode5	0.0	0.475386361618	0.9	0.0	0.711217367819	0.68143195367	0.536525471536	0.15	1.0
3000	PNode5	0.0	0.452163897268	0.9	0.0	-0.257711689215	-0.413882385785	0.632674704186	0.15	1.0
3000	PNode5	0.0	0.613748256977	0.9	0.0	-0.101968370122	-0.579937456924	0.626783576556	0.15	1.0
3000	PNode5	0.0	0.241305020659	0.9	0.0	-0.44478238747	0.27566242442	0.366719184836	0.15	1.0
3000	PNode5	0.0	0.553571429	0.9	0.0	-0.587207039648	-0.0914999118417	0.727802788194	0.15	1.0
3000	PNode5	0.0	0.434011539729	0.9	0.0	0.224107480082	0.690961384971	0.645178754557	0.15	1.0
3000	PNode5	0.0	0.553571429	0.9	0.0	0.0388977334971	-0.410116990408	0.530744123275	0.15	1.0
3000	PNode5	0.0	0.553571429	0.9	0.0	0.168523693022	0.300865679677	0.309730439606	0.15	1.0
3000	PNode5	0.0	0.411015163355	0.9	0.0	0.173286956394	0.679761602411	0.396340584155	0.15	1.0
3000	PNode5	0.0	0.341598986046	0.9	0.0	0.422050894894	-0.405786159671	0.262323059039	0.15	1.0
3000	PNode5	0.0	0.630905138346	0.9	0.0	-0.312588727288	0.52378568564	0.493353745124	0.15	1.0
3000	PNode5	0.0	0.445017035261	0.9	0.0	-0.79965864855	0.544998797577	0.565269119819	0.15	1.0
3000	PNode5	0.0	0.578296102015	0.9	0.0	-0.327963594779	-0.491426803608	0.58637858814	0.15	1.0
3000	PNode5	0.0	0.561140513524	0.9	0.0	-0.413221781168	-0.105624175845	0.744375963817	0.15	1.0
3000	PNode5	0.0	0.37341973314	0.9	0.0	-0.123555306191	-0.783147516332	0.39472251493	0.15	1.0
3000	PNode5	0.0	0.393825219727	0.9	0.0	-0.0956137104497	0.269153203535	0.631849425748	0.15	1.0
3000	PNode5	0.0	0.491238362761	0.9	0.0	0.0142880625695	0.857332775067	0.470358333092	0.15	1.0
3000	PNode5	0.0	0.198466460788	0.9	0.0	0.0142880625695	-0.584608603285	0.470358333092	0.15	1.0
3000	PNode5	0.0	0.553571429	0.9	0.0	0.0142880625695	0.584608603285	0.470358333092	0.15	1.0
3000	PNode5	0.0	0.432343376053	0.9	0.0	0.398206302801	-0.560955109476	0.605922080843	0.15	1.0
3000	PNode5	0.0	0.425066422954	0.9	0.0	-0.107977311883	-0.124451827007	0.507283163713	0.15	1.0
3000	PNode5	0.0	0.188235940456	0.9	0.0	-0.300238377916	-0.110060826631	0.560280488721	0.15	1.0
3000	PNode5	0.0	0.486839270481	0.9	0.0	-0.245126103325	-0.282942121052	0.564440209845	0.15	1.0
3000	PNode5	0.0	0.263575206666	0.9	0.0	0.614365946799	0.0661212968254	0.286413961093	0.15	1.0
3000	PNode5	0.0	0.460171350352	0.9	0.0	-0.492244555039	0.488634626126	0.540190328284	0.15	1.0
3000	PNode5	0.0	0.419470177533	0.9	0.0	0.555555555556	-0.165701667505	0.310267212387	0.15	1.0
3000	PNode5	0.0	0.449054055366	0.9	0.0	-0.409222170769	-0.434428927556	0.577660708971	0.15	1.0
3000	PNode5	0.0	0.553571429	0.9	0.0	0.646839612872	0.451518900969	0.436950645603	0.15	1.0
3000	PNode5	0.0	0.376289195747	0.9	0.0	0.367834780298	0.0510453256017	0.731476595722	0.15	1.0
3000	PNode5	0.0	0.553571429	0.9	0.0	0.599164130665	0.468989404019	0.222527779414	0.15	1.0
3000	PNode5	0.0	0.505129844234	0.9	0.0	0.325621367238	-0.680216103507	0.684876465826	0.15	1.0
3000	PNode5	0.0	0.545409817367	0.9	0.0	-0.457314503371	0.120985786035	0.671432157192	0.15	1.0
3000	PNode5	0.0	0.6156797202	0.9	0.0	-0.258713292971	0.498764251034	0.480106168198	0.15	1.0
3000	PNode5	0.0	0.646984727238	0.9	0.0	-0.487543830886	0.555555555556	0.713966775702	0.15	1.0
3000	PNode5	0.0	0.398672669382	0.9	0.0	0.433481619561	0.24045154937	0.346647737954	0.15	1.0
3000	PNode5	0.0	0.625785299866	0.9	0.0	0.799343661795	-0.130759601827	0.578575491618	0.15	-1.0
3000	PNode5	0.0	0.553571429	0.9	0.0	0.799343661795	-0.130759601827	0.578575491618	0.15	1.0
3000	PNode5	0.0	0.553571429	0.9	0.0	-0.601423322289	-0.494340112105	0.530498707891	0.15	1.0
3000	PNode5	0.0	0.493006513175	0.9	0.0	-0.821266667999	-0.0896696881554	0.523423605504	0.15	1.0
3000	PNode5	0.0	0.377111094861	0.9	0.0	0.208348945885	-0.373536261278	0.434555810647	0.15	1.0
3000	PNode5	0.0	0.489144751164	0.9	0.0	0.430895007604	0.496745164312	0.193041112593	0.15	1.0
3000	PNode5	0.0	0.445299624936	0.9	0.0	0.466490592109	-0.4656293376	0.551276108883	0.15	1.0
3000	PNode5	0.0	0.361438954062	0.9	0.0	-0.434002192989	-0.592750463015	0.397850781913	0.15	1.0
3000	PNode5	0.0	0.583862794794	0.9	0.0	0.342203723805	-0.0961360241313	0.277668635785	0.15	1.0
3000	PNode5	0.0	0.224389803256	0.9	0.0	0.819037074089	0.316997724467	0.563298814466	0.15	1.0
3000	PNode5	0.0	0.553571429	0.9	0.0	-0.747211246874	0.0280549349726	0.352732552867	0.15	1.0
3000	PNode5	0.0	0.553571429	0.9	0.0	-0.478058043338	-0.453043669983	0.727823707119	0.15	1.0
3000	PNode5	0.0	0.640365158327	0.9	0.0	-0.149317988605	-0.693646625035	0.477528258589	0.85	-1.0
3000	PNode5	0.0	0.553571429	0.9	0.0	-0.483463057883	-0.430802020185	0.62559500019	0.15	1.0
3000	PNode5	0.0	0.553571429	0.9	0.0	-0.483463057883	-0.430802020185	0.62559500019	0.15	1.0
3000	PNode5	0.0	0.553571429	0.9	0.0	-0.483463057883	-0.430802020185	0.62559500019	0.15	1.0
3000	PNode5	0.0	0.533546193984	0.9	0.0	-0.383329101069	-0.182676077099	0.5618433622	0.15	1.0
3000	PNode5	0.0	0.651481140416	0.9	0.0	0.758446459336	-0.574877396118	0.490918970499	0.15	1.0
3000	PNode5	0.0	0.619167616974	0.9	0.0	0.0288556278904	-0.396941915324	0.464771420726	0.15	1.0
3000	PNode5	0.0	0.553571429	0.9	0.0	-0.246705018789	-0.599253816896	0.438319043368	0.15	1.0
3000	PNode5	0.0	0.510808796581	0.9	0.0	0.0992949905371	-0.378829297402	0.434011539729	0.15	1.0
3000	PNode5	0.0	0.27439530642	0.9	0.0	-0.159580236107	0.12913468016	0.253487743531	0.15	1.0
3000	PNode5	0.0	0.524250289815	0.9	0.0	-0.423294777496	0.0261863752674	0.514929855033	0.15	1.0
3000	PNode5	0.0	0.581666707118	0.9	0.0	-0.264582312052	0.200983619779	0.56516556099	0.15	1.0
3000	PNode5	0.0	0.354793310756	0.9	0.0	-0.267215248651	0.331937459166	0.687845866801	0.15	1.0
3000	PNode5	0.0	0.307202709285	0.9	0.0	-0.693450641026	-0.443329914558	0.554518928091	0.15	1.0
3000	PNode5	0.0	0.466377445046	0.9	0.0	0.312588727288	0.234415112196	0.493353745124	0.15	1.0
3000	PNode5	0.0	0.642531552455	0.9	0.0	0.750477873361	-0.389853888051	0.515181294826	0.15	1.0
3000	PNode5	0.0	0.402219207356	0.9	0.0	0.536945237546	0.0809499567674	0.200944763231	0.15	1.0
3000	PNode5	0.0	0.631849425748	0.9	0.0	0.524820334296	0.603170382538	0.268543347526	0.15	1.0
3000	PNode5	0.0	0.553571429	0.9	0.0	-0.327963594779	-0.282942121052	0.652928230327	0.15	1.0
