1.51942641892044 -1.6656078145067994 -2.2555328889246455 1.4781390283049745 -1.6467891652426758
1.075660197789264 0.5876896377687592 -2.7259722475644113 1.1249544027471052 0.5800794163667882
0.8904026323331633 1.1143901705986916 -0.16295496571162346 0.8772464163625436 1.1689772762230104
1.402318271968652 0.9190123499273135 -0.29950898023710776 1.3858613889248093 0.9528818866896241
0.4352409713190575 -1.5505134849801485 -0.7652442913651057 0.4014405932961257 -1.638687495932175
1.2520724351884294 1.15454913121967 -0.691019610452191 1.2665534339064586 1.1925545833005193
0.9511426325163074 0.8776778653213813 -1.2379715484374896 0.977992490998723 0.9214142007775902
0.7820424127403949 1.120124621249839 0.27920018052291196 0.7496304208477325 1.169853598831021
0.9754212369515859 -0.8822353047555113 -0.9337135102405746 0.9254910484986519 -0.8794554000444561
0.6028984208540936 1.1951830259215968 2.7956807218856494 0.6064461504983044 1.1126782682756706
1.2815209941860157 2.183704082451885 -1.7526504391168514 1.3170272601635817 2.156605775518197
0.2433319376543302 1.2777258285983277 3.115701451299902 0.26102621284227995 1.0919029767265205
1.0865778900720071 -1.6218137942205195 -0.9031239416406144 1.0494608923340079 -1.6531873860258461
0.6312570544490199 2.244145535486934 -2.2156833454801594 0.6455691682358523 2.1690810936318385
0.4516863572275903 -1.687239751868972 -1.4899835341284984 0.40277517309846034 -1.7115707990784883
0.6548491551568478 -2.268493554753575 1.7802894605846413 0.6867776974244495 -2.211108992936012
0.6747305027594687 1.3791824681834202 -1.9830351628168938 0.7236012808196881 1.3640603393976083
2.123499987225851 1.4880048678612416 1.5219459289844282 2.0735294785508445 1.487186587991639
0.1399139834227586 -1.7077169531060197 -2.334656734302477 0.1036596147759582 -1.4208186203594533
0.7584611576288122 0.022221344018332857 -2.791501723239526 0.8059585360940085 0.04220055159758945
1.6273262807417292 -1.5427259590864633 -0.08040999906911328 1.622674376580933 -1.5733629532473505
1.5137716079622292 1.2587522414016836 -1.698106299979961 1.562947848907105 1.264628516593441
1.2748729412024247 0.774264886341278 -2.373376830603695 1.3248720609489093 0.7740365991467743
0.8297440422789029 1.9127816101877686 -2.3218576670797413 0.8538883496866856 1.8607588545276212
1.2348102998150856 1.5348095925859087 -0.24353893484513128 1.2460744866860913 1.5740845266741275
0.5182227727193235 -2.543210735569777 1.504073386003749 0.550487536263932 -2.471681099363022
0.7660415937280495 -0.8955689697252158 -2.966951352501509 0.7912553986269226 -0.8401032229582484
0.2654687550511918 -0.8921106592813812 1.6490569563606856 0.3080217015811228 -0.9839529365370592
1.1530356880574715 -0.7317994918683288 -0.9684789789893881 1.1044918161915223 -0.7211846379799906
0.5642490963514043 1.601741795854996 -0.11357672046694207 0.5735881245331411 1.6881109318314562
1.1409571555975533 -1.030686250358579 1.9716665698599405 1.1904934706797958 -1.0365153932583726
1.4066239651290438 1.064491839898863 0.2978021361253231 1.371052279641855 1.089794630132848
0.5690157310330908 2.4403756110060755 -1.759900498074923 0.5951149634334462 2.367071094611651
1.5173629006421534 1.4389813700564547 0.7787296045361939 1.4781891313110609 1.4597283676367643
0.82523740960649 0.8604267866288055 2.766818132117857 0.8430269347758624 0.8043960293412334
0.7382914820134903 1.2424984507017833 -1.0586292601633183 0.7725457644141605 1.2907313405126382
1.2107846706927154 1.2554966333582105 -2.4580135133537784 1.253120156304637 1.233899044634065
1.7628241077052802 -1.7453131702681568 -1.5904352327705045 1.7134399492310681 -1.7498146417092297
0.8270458139068474 -0.6168676308971133 -0.6947887235516226 0.7772072750962901 -0.6118597911458216
1.3160562717404929 -1.0154721254934602 -2.1485371699711338 1.2956536424233 -0.9805129298776827
0.8717800220670335 -1.9870363517233327 -0.6261577467921405 0.8627481119021045 -2.0437488806091886
1.0238727193627761 -0.7203422160993163 -2.4846352214547647 1.0346514128834605 -0.6729008241215886
1.098009204855288 0.6647607576129527 0.8146905898379738 1.0485967234181706 0.6576383810224067
0.9826567116333499 -1.347795063100181 1.4622740257528497 1.0300626568625955 -1.3635949539535401
1.6768402843710541 1.4489963467394487 -0.8321990962531477 1.7098673038747183 1.4711665983057005
1.887647246771803 -1.5955032586990585 2.490368805380682 1.9173914410302617 -1.5743772933394367
1.2471398896409096 1.332154421365724 -0.1517481775025367 1.2437984857226339 1.3722129040759072
0.8033954696501847 -1.576394040427125 0.12306253689262822 0.8113274881312283 -1.6375501801385188
1.0926498505681417 0.8582836575440816 2.9170078328674496 1.116963179415162 0.8187328237266437
0.2579842849796494 2.2971501818110545 -1.4440519742793658 0.300589320925567 2.2031428197843277
0.757514146053238 -0.35390093467431155 -2.809558553587137 0.7968351032627918 -0.31414592671775937
1.9526586271244397 1.788468339772544 2.158962475662639 1.9061371735373167 1.778970557216001
1.0612799028976971 -2.1586396086998745 0.6918848351523929 1.1092696035962044 -2.171575312960531
0.71716191746303 2.9177155330111577 -0.5247926944239067 0.7650587413335601 2.8983436020292106
0.09065753666254381 -0.5895798577595011 -1.7256016794909221 0.08306768359200033 -0.012093897304198287
1.2196765515407944 -1.9601474322379664 -1.1663953039522181 1.185154089569079 -1.9902319905901311
1.0888406081640805 -1.4232054665901663 2.2961391201306998 1.1310549210067864 -1.399060078516731
0.3840885669735069 -2.98853443845759 -0.6274823741209985 0.42108763578835134 -3.0721850705937688
0.20734389458879204 2.79144581288501 -0.989765548840039 0.2492532378555374 2.6714222818853117
2.1841375798160847 -1.4055121888085054 -3.0393279673523916 2.1878556108523943 -1.3827021487872644
0.7837322012363344 -1.4891850191773894 0.2755246155769647 0.7948828266926529 -1.550947693817238
0.777092019258669 2.4856452958664907 -2.966838736808849 0.7442903845270241 2.4360203352623713
1.5279876925657185 1.6802011803915986 -2.4969110142362605 1.5540868225165965 1.652524563942579
0.5855880883563892 0.9192416388434729 -3.079211376942615 0.6194824562786124 0.8582019809914029
2.1015739687744195 1.3421815371540056 -2.9964398407318455 2.1203412390449943 1.3202267431666517
1.4881728329111186 1.723346273162282 -1.6132521815857788 1.5372556919044398 1.717043694155702
0.22959136322524146 3.0915911360913833 -1.9417474057235942 0.21901900920460446 2.8732265689370444
1.1209844462833856 1.8413420858278637 -0.11015909907754291 1.140508265299956 1.88205461327338
1.0873190410161322 -1.6703129487469688 0.08625566945797553 1.097654812613237 -1.7150958104626401
0.6511207243035714 -1.0285503458067429 2.940373314452655 0.6859510483687503 -0.9748671274848194
0.6177428606963923 -1.265336283486445 -0.6822333163714438 0.5766625136925628 -1.3130961238991279
1.5568790323323927 0.9982505594206488 -1.5214961469039012 1.5977847637499634 1.01648107546874
0.2833290583007953 -2.538020492892749 -2.395184041699915 0.233946545005234 -2.568449071861661
1.1702000360521425 1.380248652572644 -1.2429800616491133 1.2138843934097296 1.4006580947710643
0.08315186977565311 -2.280197584464441 -1.600014676367956 0.054309551195214176 -2.897733832021673
0.45826411321694177 -2.314173588585197 -0.5247806571687925 0.4716395929392922 -2.4178495500667347
0.7810616737616864 2.7281295059682913 2.739410867267955 0.7310650730556325 2.7273579520026168
2.099777828171434 -1.5964220899405068 2.8515152659734393 2.1133979558159495 -1.5735839895575792
1.2647169866604984 -2.1297658098388763 1.360632988374679 1.311817368429474 -2.116738624667829
1.2356658775821974 2.3811102860424302 -1.8300549305726421 1.2604538068954854 2.346314397752553
1.9723929719370354 -1.4441241705860641 2.5468851861081125 2.0057654547734356 -1.425404654650999
0.7503991533730495 2.3113761028394166 -2.7498148447668216 0.7348144903687635 2.247385494977096
1.0300296873088775 -2.2104900951714943 1.51989857978806 1.0719698912194602 -2.1845834761310994
1.7807825301777374 -1.5559461147478708 -0.19777791190280428 1.7709055999104064 -1.5835479193665307
1.1316842033165193 -2.020021827251418 0.9424446228009995 1.1809177929232848 -2.02756560028227
0.4672323572428101 2.427601828035713 0.17889150946888593 0.5001094583235162 2.505551966512092
1.4920383548284961 1.3172238261509812 -0.24434925528154147 1.4924149316482325 1.3507314180401848
0.7996840550427318 -2.548166629188553 -0.547128236960266 0.8217960061156406 -2.603492320366497
0.2481992362548704 1.049660810324828 0.35581925140199505 0.2121825318529042 1.2009316763429985
0.06730878435611815 1.6288501621037987 -2.337363905581421 0.10770157082229162 1.28098520725679
1.4576998821224711 1.5324255319255053 2.793030847866195 1.4432234881924106 1.4994282822997973
1.1805014059590817 -1.6981258444090994 -1.8267496996934949 1.130932623880557 -1.6924548533852866
0.68560143713046 1.4429687108130658 -2.0048013691963495 0.7334309295327173 1.4224189047783198
0.6076289435108094 -0.03816710446787539 1.412145034780056 0.6036635359035519 -0.12048719084987154
0.5936789377786273 -1.7279372761141116 -0.8844763140925107 0.561677895128899 -1.7944789927918785
0.8995359388375317 2.6267527287715087 -1.3689856261534583 0.9331409774119933 2.586340008097712
0.23994695807851724 1.071105727843702 -0.020799830336294817 0.2213998794470585 1.2729032360263859
0.7833026840073466 0.43802908524792555 1.30583858287195 0.7519458982961045 0.38727794648633296
0.9424879081968206 -2.109584835377158 -2.8887649413631227 0.9075937378922943 -2.070863108295274
1.4305290833683368 -1.499814616136984 0.5430107938649977 1.4539459471632623 -1.530448039089798
0.7705732890822399 -2.4052678856712095 2.697467575186855 0.7529689222255134 -2.3438204962012072
1.6220873032614098 -2.1882235514998336 -1.024228097205564 1.6029614950725621 -2.216874176899444
0.5026639098532488 -2.6197322211825833 -2.0196080478663387 0.4622638729445085 -2.6808549680639
0.6439043896093106 -1.7497825035679657 -0.8434317621179973 0.6143356190117887 -1.8139004240378818
1.317923338307103 1.2472226893541385 -2.018817903333485 1.3675507387010712 1.2426843792404725
0.4958654751285633 0.22744163854065907 -0.08938476506681946 0.44862456104139165 0.26217169553855313
1.1654160738259336 2.383280758654266 1.440873673610376 1.136743823504734 2.4188712859225925
0.5526511581951814 -1.7096357921875094 -2.794855600102752 0.531159167283985 -1.6262868724762183
1.1296612048790569 -1.706383510968844 2.5563209525260064 1.1522754502945902 -1.6672950422558246
0.7819888389349336 -1.7195349298891276 -2.309837879486769 0.7409730723069404 -1.6819665144198432
0.7521197644091621 0.9276301014805668 -1.9517582793821746 0.8005157355996674 0.9438210035842892
1.6987009944528522 -2.087396964767669 -1.1687251459280419 1.6688304068615634 -2.111212189232824
1.0950775007492692 1.7069109728267742 -2.774007648891577 1.1076176176010215 1.6629588196838088
1.0987440184118704 -2.252237095844446 -2.8086806769947072 1.056617145717193 -2.2272410668985563
0.713229946895262 1.5982267887628532 -0.25464246758042747 0.728731443563702 1.66417543789874
0.5595727326401194 -0.9939864863160354 1.905535240263445 0.6082330188960542 -1.013693506052175
0.517841431607988 -2.5346355449283076 0.32028117204621315 0.5659775031942234 -2.5596184110940086
0.8818454882753791 -2.0819043117469915 -3.109685449354587 0.85707920424812 -2.0319374635671874
1.3263178173723489 1.8203684099598874 2.7181456288359116 1.2957403232066682 1.7901902191475028
0.3196329745195252 -2.1978522683244055 2.7616610918398137 0.3112016734274963 -2.041428730710396
0.912111007819331 -2.8834985410071408 -1.659452566284418 0.8963531684323391 -2.935984213963771
1.0523079564257873 2.4503225148282777 1.5203082490537847 1.0232021759828545 2.489505075455064
1.358883006858685 -1.3234223472379734 0.3286266615261768 1.3638519604865253 -1.359970402754397
0.5864423284526691 0.3049148207666376 0.9035733728431098 0.545865418201573 0.2532733945092183
0.6842279320288573 -0.6282796038200212 1.2466109960781344 0.700824971177344 -0.6964033844136956
0.4722619833964293 -0.932023125485446 1.723339231999646 0.5169952574506848 -0.9772320156886769
0.09208618232455382 -0.8504403269695314 1.431298804326405 0.1303416076967786 -1.1453749755878122
0.848029218904989 -0.9974098749173129 -2.668674612506203 0.8544935604068408 -0.9391578142483619
0.7173086364508177 2.107267950142464E-4 -1.7430880837193439 0.7275604136171061 0.06796540744776816
0.45154541204409687 -1.7478587206122267 1.7984794998663112 0.4978950006431303 -1.708303432537718
1.0307796649143122 -0.4146465938951447 -1.5563677049743894 1.0110010823007254 -0.36965862569726327
1.2829573052439205 1.7085053572213913 2.0432411677811717 1.235841614970097 1.6952136325921854
1.9656231599817162 -1.5557157924286258 0.7548655319314527 1.9996706700991387 -1.574185221433512
1.0802836219184637 1.3978991901343134 -1.9651001442488882 1.1291164865177572 1.388174522801876
0.7436661158003065 1.6820384849884429 2.3202608337816386 0.7041386897622605 1.6397210756993905
0.4092179637781701 3.1065462933831043 -3.070529437107781 0.35953818105794944 3.091817065017442
0.17351011522784368 1.291011928257082 -1.1539492789811276 0.21427581161234258 1.4412993948120727
0.6772403558435075 1.34584237218497 0.9230430165353237 0.6319762484539749 1.3783109194896563
0.674544604907866 1.8324129546925967 -2.5976680876143647 0.6901459361671589 1.7627761084469455
1.3024599501658007 -1.2993836643030756 2.8696314882732756 1.3290005999223593 -1.2671746037793294
1.1072172639102824 -1.0427588012464035 2.1957367116881574 1.1569928067882274 -1.0385776362364483
0.2932466150227663 0.4886451912077921 -0.777238575979903 0.28229422126151016 0.6584096341938686
0.7793290797652302 2.900605146922221 -1.1347464875941544 0.8115896353709222 2.8525678128895926
0.6807625073868347 -1.6192060216507491 0.697183975810955 0.7156263485753023 -1.6705602169611822
1.0643145531378655 1.1936719563094673 -1.406590378092587 1.107465473534051 1.2169378307114331
0.6219042968459143 2.2485646338364127 -0.47810945744020616 0.6679659223668447 2.2787440628966995
0.48542224181225985 -3.02743561959434 2.7056155507477344 0.4435704229568366 -2.9684703877269323
2.0527554356975286 1.5140089234989578 -1.7306608230484215 2.102496343118489 1.5115619570034269
0.43933040611977286 -0.8920956214771206 1.4685471607567524 0.47614539441709075 -0.9660853201907087
1.2784204584190324 -1.6571772805729812 2.496647155546427 1.305607616292296 -1.6246956276753395
0.5983387332519832 -1.618395507745339 0.6119633807074532 0.6302171969172451 -1.6811341181088597
0.7730718198389586 -2.784496370150483 -2.564850132485603 0.7243550189049106 -2.799536825659086
0.6187661465726483 0.3776307164737766 0.7266812103042051 0.5720369052489278 0.347732586820516
0.4707249905064615 2.6454753734608607 1.7134422300172483 0.44273835883696583 2.736266896753818
0.6638551954617841 -0.009543585054066354 -0.31957947759432587 0.6164278454459344 0.015205780899472707
1.4935286938762866 1.6446947431052168 1.5513349331702289 1.4437539614718147 1.6479232852232875
0.39187234476516675 -3.123223062258722 -1.9083634002470644 0.37737040004442296 3.0354497199371644
2.2051984854082627 1.3399677809132844 -0.7084615351363626 2.2286248140485085 1.3598936167419808
1.3215376510821748 -1.6439722327217812 1.0723377898988804 1.3672393925898756 -1.6590608086738194
0.41399003366403314 -0.44661712822444477 -1.5643335245431766 0.3946718655998604 -0.33246421962804357
0.7398209009542775 1.277487054916385 -1.185293389973575 0.7793693830235863 1.317778533718366
0.6889902262385255 1.1405719915801047 -1.1638913530456014 0.723423914333161 1.1919285025111805
0.4491082167876048 -1.1877638194049815 -0.8582666749356074 0.40212353660472105 -1.228007002009643
0.2527748286871766 0.8553550993459706 1.6955023622486478 0.2225446156190709 0.6872402566667856
0.1647881980003683 -2.027442289696916 -0.19713156587836117 0.1840755295489043 -2.2930877050668403
0.4013394356431062 -0.7120511764763672 -2.4981798326736238 0.41490823851069036 -0.5940520535348278
0.8562716336758592 -2.8438743051274216 -2.895289437787898 0.8063418014233258 -2.8406875318655374
0.8502472223233423 0.31386591778099193 2.7211368694362195 0.8879937795276628 0.2761267510498644
0.5557266326856247 1.222411950069473 2.06560318151876 0.5238049741727852 1.1510682949618405
0.20462739330622315 2.4208051515176763 0.7122933059830928 0.21721304676896291 2.6508378586362693
1.274972503703008 0.6371376997297044 0.5080491315475842 1.2254054261948244 0.6423902854058081
0.16146998385450612 1.0796236795012908 1.3820053003639168 0.11470896743354891 0.9494519529132248
0.13548281872697718 -2.6110132669162143 0.42562451325455897 0.18528174166580386 -2.639288112033115
1.970384962839817 1.931661872344541 -3.0460455313501695 1.9578687761306794 1.9070150018625516
0.1865933233982642 2.0432169404686453 0.5333233997954742 0.19021399894867988 2.3086990153284077
1.3461014539530949 0.8756025092036511 1.0232728815907846 1.2966664970058484 0.8699289204147399
0.7383913469873057 -2.7444551987787316 -1.7665713783337291 0.7116614642644091 -2.802754457687713
0.1940570111804165 1.8521358797679566 2.3006368548924154 0.1505711888069742 1.7076435037774267
1.1712276683198375 0.6211069853606447 -0.6918860871223848 1.1594882403020403 0.6628164557298867
1.4903150407086796 -1.7403285767448027 1.806997620549413 1.5363824464585902 -1.7274833469894466
1.376472929986943 1.972826826678261 -0.0822523613502536 1.4004508920076433 2.004429376713281
0.7125100978066589 -2.3864581946746584 -1.9089411920839021 0.6684982081533833 -2.420838683119783
1.368956395496699 1.5060216870788488 0.3460722629608554 1.3497656926190769 1.5399890354049588
0.47570078560930495 -0.3548822927286981 -1.9779945727656456 0.4809145208425961 -0.25086850834285696
0.2543411011767794 -2.956048740094222 -2.1039803260511274 0.22459490462260331 -3.124398710066985
1.3122296695433122 -2.0639250430869254 -2.431825296018083 1.2657031947569706 -2.0497167718526095
1.1406108998815885 1.6775185382472222 1.580251953751093 1.0908580400825685 1.6819697869153798
1.1461516582881832 -1.988475354031624 -2.50036382823271 1.1028325849905039 -1.9662659630457782
1.4956187429787857 -0.993140889442599 1.1325676916352485 1.522555384239905 -1.0210563624370028
1.1647732310526555 -2.710191717640844 2.8604612102643823 1.1274117568731836 -2.681194159179529
