1.51942641892044 -1.6656078145067994 -2.2555328889246455 1.4781390283049745 -1.6467891652426758
1.075660197789264 0.5876896377687592 -2.7259722475644113 1.1249544027471052 0.5800794163667882
0.8904026323331633 1.1143901705986916 -0.16295496571162346 0.8772464163625436 1.1689772762230104
1.402318271968652 0.9190123499273135 -0.29950898023710776 1.3858613889248093 0.9528818866896241
0.4352409713190575 -1.5505134849801485 -0.7652442913651057 0.4014405932961257 -1.638687495932175
1.2520724351884294 1.15454913121967 -0.691019610452191 1.2665534339064586 1.1925545833005193
0.9511426325163074 0.8776778653213813 -1.2379715484374896 0.977992490998723 0.9214142007775902
0.7820424127403949 1.120124621249839 0.27920018052291196 0.7496304208477325 1.169853598831021
0.9754212369515859 -0.8822353047555113 -0.9337135102405746 0.9254910484986519 -0.8794554000444561
0.6028984208540936 1.1951830259215968 2.7956807218856494 0.6064461504983044 1.1126782682756706
1.2815209941860157 2.183704082451885 -1.7526504391168514 1.3170272601635817 2.156605775518197
0.2433319376543302 1.2777258285983277 3.115701451299902 0.26102621284227995 1.0919029767265205
1.0865778900720071 -1.6218137942205195 -0.9031239416406144 1.0494608923340079 -1.6531873860258461
0.6312570544490199 2.244145535486934 -2.2156833454801594 0.6455691682358523 2.1690810936318385
0.4516863572275903 -1.687239751868972 -1.4899835341284984 0.40277517309846034 -1.7115707990784883
0.6548491551568478 -2.268493554753575 1.7802894605846413 0.6867776974244495 -2.211108992936012
0.6747305027594687 1.3791824681834202 -1.9830351628168938 0.7236012808196881 1.3640603393976083
2.123499987225851 1.4880048678612416 1.5219459289844282 2.0735294785508445 1.487186587991639
0.1399139834227586 -1.7077169531060197 -2.334656734302477 0.1036596147759582 -1.4208186203594533
0.7584611576288122 0.022221344018332857 -2.791501723239526 0.8059585360940085 0.04220055159758945
