1.51942641892044 -1.6656078145067994 -2.2555328889246455 1.4781390283049745 -1.6467891652426758
1.075660197789264 0.5876896377687592 -2.7259722475644113 1.1249544027471052 0.5800794163667882
0.8904026323331633 1.1143901705986916 -0.16295496571162346 0.8772464163625436 1.1689772762230104
1.402318271968652 0.9190123499273135 -0.29950898023710776 1.3858613889248093 0.9528818866896241
0.4352409713190575 -1.5505134849801485 -0.7652442913651057 0.4014405932961257 -1.638687495932175
1.2520724351884294 1.15454913121967 -0.691019610452191 1.2665534339064586 1.1925545833005193
0.9511426325163074 0.8776778653213813 -1.2379715484374896 0.977992490998723 0.9214142007775902
0.7820424127403949 1.120124621249839 0.27920018052291196 0.7496304208477325 1.169853598831021
0.9754212369515859 -0.8822353047555113 -0.9337135102405746 0.9254910484986519 -0.8794554000444561
0.6028984208540936 1.1951830259215968 2.7956807218856494 0.6064461504983044 1.1126782682756706
