0_0_0,0.0693337540,0E-10,0.0,0
0_0_1,0.3429568968,0.0000104640,0.0032348106590649166,0.00004503976451042592992108390566
0_0_10,-0.2132430459,0.0000120722,0.003474507159296121,0.00007295149990920614529372295411
0_0_11,0.3076952421,0.0000100492,0.00317004731825883,0.00004895446518533937776352895127
0_0_12,-0.4542793004,0.0000227758,0.0047723998156064,0.000007774811267498542678881502963
0_0_13,-0.0157397650,0E-10,0.0,0
0_0_14,-0.7276137968,0.0000831199,0.009117011571781622,9.859050624987648458138882661E-7
0_0_15,0.2716351727,0.0000104157,0.0032273363630089752,0.00005541734810767080040781024727
0_0_16,-0.1290610619,0.0000241349,0.004912728366193271,0.00006037546081192632288158332928
0_0_17,0.6717967572,0.0000163296,0.004040989977715857,0.00002438975035197506792364289261
0_0_18,0.0532356700,0E-10,0.0,0
0_0_19,0.4254305904,0.0000103007,0.0032094703612901613,0.00003656608790305820592658831493
0_0_2,-0.0115922952,0.0000094354,0.0030717096216927794,0.0004011975712898180456048980346
0_0_3,-0.0533553320,0E-10,0.0,0
0_0_4,0.0755182300,0E-10,0.0,0
0_0_5,0.4894529516,0.0000259402,0.005093152265542431,0.00002984090791102140233990805513
0_0_6,0.9029838133,0.0000129689,0.003601235898965798,0.00002071486463119744214124819798
0_0_7,-0.0324293520,0E-10,0.0,0
0_0_8,0.4384833550,0.0001471812,0.012131825913686695,0.00005899208575480780394925522845
0_0_9,-0.1974205280,0.0000109126,0.0033034224676840836,0.00008283953237564628276085603186
0_1_0,-0.1550270600,0E-10,0.0,0
0_1_1,0.4053523923,0.0000105660,0.003250538416939569,0.00003423236035659841412092983303
0_1_10,0.2944442672,0.0000113430,0.0033679370540436173,0.00004472440035695238219041671857
0_1_11,0.2680494370,0.0000121979,0.0034925492122517042,0.00005038860482350673336885664534
0_1_12,-0.0325834339,0.0000137221,0.003704335297998819,0.00005413992230885796772855090183
0_1_13,0.0200531870,0E-10,0.0,0
0_1_14,0.1351700898,0.0000448434,0.006696521485069692,0.000004320543812705023548990540782
0_1_15,0.3459044455,0.0000106705,0.003266573127912492,0.00003933682142687544915384979925
0_1_16,-0.1416057616,0.0000148503,0.003853608698350158,0.00007724552364953880169770661702
0_1_17,0.1735761047,0.0000119162,0.003451984936235962,0.00009045892942104976630211409660
0_1_18,-0.1377799400,0E-10,0.0,0
0_1_19,0.3050604465,0.0000118214,0.003438226286910156,0.00004523323186756548103661868230
0_1_2,0.1061357892,0.0000099128,0.0031484599409870215,0.00002365677924626683251701942241
0_1_3,-0.0317980300,0E-10,0.0,0
0_1_4,-0.2848361400,0E-10,0.0,0
0_1_5,-0.0308025899,0.0000260424,0.005103175481991581,0.001134312100456595794221645528
0_1_6,-0.1512868568,0.0000123659,0.003516518164321066,0.0001050343422879351723645311514
0_1_7,0.0009599925,0E-10,0.0,0
0_1_8,-0.3632139503,0.0000920792,0.009595790743862645,0.00006973484109039173405845877063
0_1_9,0.5292682575,0.0000109999,0.0033166097147539083,0.00002571461977526994925346731885
0_2_0,0.1246734200,0E-10,0.0,0
0_2_1,0.4958495437,0.0000058618,0.0024211154454094087,0.00003143395092255461481135109027
0_2_10,0.2134608718,0.0000074352,0.002726756314744682,0.00007192784065014862292044213215
0_2_11,0.4164886736,0.0000064511,0.0025399015728960837,0.00003637116204897899650261235977
0_2_12,0.1424245343,0.0000522836,0.007230739934474203,0.00002583955444960281203566093630
0_2_13,0.1192053500,0E-10,0.0,0
0_2_14,0.5381655584,0.0000375272,0.006125944825086168,0.000002549082390721120330606456719
0_2_15,0.2587864781,0.0000059963,0.0024487343669740906,0.00005877452156265234740548897369
0_2_16,0.6303159560,0.0000195516,0.004421719122694249,0.00001650637112531937139667732080
0_2_17,0.1691858303,0.0000079146,0.002813289889080043,0.0001033316662693734512633148404
0_2_18,0.1249224800,0E-10,0.0,0
0_2_19,0.1991239136,0.0000061857,0.002487106752835511,0.00007862643571716843101292887027
0_2_2,0.3470110735,0.0000103853,0.0032226231551330973,0.000006081350167186612999855636134
0_2_3,-0.0115482620,0E-10,0.0,0
0_2_4,-0.0006320608,0E-10,0.0,0
0_2_5,-0.1218383104,0.0000186888,0.004323054475715058,0.0001545401347141101883769586538
0_2_6,0.4393827466,0.0000065883,0.002566768396252377,0.00004172136658759890017856231405
0_2_7,0.0839293750,0E-10,0.0,0
0_2_8,1.3285078795,0.0001035764,0.010177249137168649,0.00001302512943793904229183636415
0_2_9,0.1076563110,0.0000060943,0.002468663606083259,0.0001500801747162577174654861112
0_3_0,-0.1524715100,0E-10,0.0,0
0_3_1,0.0207775814,0.0000094567,0.0030751747917801358,0.0008234376976212161368392399312
0_3_10,-0.0031052124,0.0000104062,0.003225864225289093,0.001104088874005353765616154956
0_3_11,-0.0943270530,0.0000108751,0.0032977416514942464,0.0001147861396713047062590909123
0_3_12,0.0734875270,0.0000185767,0.004310069605006397,0.00008794394599109777318389885517
0_3_13,0.0143411400,0E-10,0.0,0
0_3_14,-0.1024721593,0.0000677051,0.008228310883771954,0.000006695311468399458460108024719
0_3_15,0.0074725476,0.0000095874,0.00309635269308908,0.008971471865528171031313137912
0_3_16,0.2812955593,0.0000107387,0.0032769955752182515,0.00001925854573615439238380066737
0_3_17,-0.2137649145,0.0000111203,0.003334711381814024,0.00007103889120744741535272476580
0_3_18,-0.0273287280,0E-10,0.0,0
0_3_19,-0.0230375154,0.0000104538,0.0032332336754401156,0.0004127684127310652996149068621
0_3_2,-0.2290422285,0.0000093586,0.0030591828974417335,0.000001411193746853743541389578775
0_3_3,-0.1045537000,0E-10,0.0,0
0_3_4,-0.1971412600,0E-10,0.0,0
0_3_5,0.1384151545,0.0000402153,0.006341553437447326,0.0002898100707434155207595165540
0_3_6,0.0595269661,0.0000105458,0.0032474297528968968,0.0003618742921828551813949898521
0_3_7,0.0179177470,0E-10,0.0,0
0_3_8,-0.0370423900,0.0000806537,0.008980740503989634,0.00003160090383191263046015830407
0_3_9,-0.0008976419,0.0000098230,0.0031341665558805264,0.001618196407710369641805741419
1_0_0,0.0643139400,0E-10,0.0,0
1_0_1,0.1314123700,0E-10,0.0,0
1_0_2,0.0465144780,0E-10,0.0,0
1_0_3,0.0223997480,0E-10,0.0,0
1_0_4,0.0306135620,0E-10,0.0,0
1_0_5,-0.1535536500,0E-10,0.0,0
1_0_6,0.0441678760,0E-10,0.0,0
1_0_7,0.0970464700,0E-10,0.0,0
1_0_8,0.0802945640,0E-10,0.0,0
1_0_9,-0.1435139900,0E-10,0.0,0
1_10_0,0.0637824963,0.0000564266,0.00751176410705235,0.00006688563634248065184985395683
1_10_1,-0.0449065230,0E-10,0.0,0
1_10_2,0.2380348055,0.0000116927,0.0034194590215412732,0.00005463665541931032818466772451
1_10_3,0.0210536235,0.0000132435,0.003639161991448031,0.0005526061326515913831837116020
1_10_4,0.1578530223,0.0000123197,0.003509943019480516,0.00008074229947871374667305219156
1_10_5,-0.0113127007,0.0000136780,0.003698378022863536,0.0009632044587791447334528595394
1_10_6,-0.0573725480,0E-10,0.0,0
1_10_7,-0.0712351100,0E-10,0.0,0
1_10_8,0.0443262120,0E-10,0.0,0
1_10_9,0.2393035723,0.0000116679,0.0034158307920621597,0.00005913184627112547114044499832
1_11_0,0.2479803275,0.0000385462,0.006208558608888218,0.00002068181765667297833648296650
1_11_1,-0.0825660750,0E-10,0.0,0
1_11_2,0.2510303186,0.0000085737,0.002928088113428283,0.00005710702774700152970744830581
1_11_3,0.0765256621,0.0000100661,0.0031727117738615967,0.0001274393420429395317153848602
1_11_4,0.1791134576,0.0000080875,0.002843853020111975,0.00007514137707764945152963298634
1_11_5,0.1520681498,0.0000078662,0.0028046746691907064,0.0001321000554717029812815253428
1_11_6,-0.0091087400,0E-10,0.0,0
1_11_7,-0.0661670100,0E-10,0.0,0
1_11_8,0.0750829900,0E-10,0.0,0
1_11_9,0.2439574157,0.0000085617,0.0029260382772615945,0.00006402789334714324646724036209
1_12_0,-0.1071136032,0.0000777976,0.008820294779654476,0.00001211752587101482745866020700
1_12_1,0.0251346600,0E-10,0.0,0
1_12_2,0.2397012680,0.0000174393,0.004176038792923265,0.00003910421100674758260004720556
1_12_3,-0.1081986913,0.0000396997,0.006300769794239431,0.00001697263237189810537105605243
1_12_4,-0.4900934042,0.0000348831,0.005906191666378598,0.00001488960847895846479266463135
1_12_5,-0.4515379929,0.0000177292,0.0042106056571472,0.00006517723040683471598415602453
1_12_6,0.1380519000,0E-10,0.0,0
1_12_7,-0.0032387585,0E-10,0.0,0
1_12_8,-0.0693919200,0E-10,0.0,0
1_12_9,0.2453227677,0.0000168768,0.004108138264469686,0.00005151565038846427515225332888
1_13_0,-0.0248868740,0E-10,0.0,0
1_13_1,-0.0579847000,0E-10,0.0,0
1_13_2,-0.1342989000,0E-10,0.0,0
1_13_3,-0.0206062480,0E-10,0.0,0
1_13_4,-0.1246549300,0E-10,0.0,0
1_13_5,0.0265959200,0E-10,0.0,0
1_13_6,0.1506035000,0E-10,0.0,0
1_13_7,0.1460146300,0E-10,0.0,0
1_13_8,0.0923027600,0E-10,0.0,0
1_13_9,-0.0771075100,0E-10,0.0,0
1_14_0,0.2754446948,0.0000457449,0.006763497615878932,0.000008257813655076007277191981735
1_14_1,-0.0652062700,0E-10,0.0,0
1_14_2,0.2112231942,0.0000420562,0.006485075173041558,0.000008204927897788608234817706193
1_14_3,0.0891406311,0.0000472487,0.006873768980697562,0.00002998195076511784119750436122
1_14_4,0.2376744720,0.0000443420,0.006658978900702419,0.000007590901268640263306414372531
1_14_5,0.1670164017,0.0000508713,0.007132411934261789,0.000004927407994269543445016683659
1_14_6,-0.0814120500,0E-10,0.0,0
1_14_7,-0.0467133260,0E-10,0.0,0
1_14_8,-0.1242734300,0E-10,0.0,0
1_14_9,0.4398761381,0.0000419960,0.006480432084359808,0.000003976336879824796135464051081
1_15_0,-0.0628632004,0.0000447606,0.006690336314416488,0.00004719163801914465868894359244
1_15_1,-0.1401569100,0E-10,0.0,0
1_15_2,0.4315762083,0.0000093065,0.0030506556672295873,0.00003158773653588915609503441513
1_15_3,0.1392849758,0.0000109430,0.003308020556163459,0.00005453942729036814583299141308
1_15_4,0.1864446609,0.0000089834,0.0029972320564147182,0.00006981152321511019395918419561
1_15_5,0.1043175727,0.0000083427,0.002888373244579031,0.0002281448879365551158608694495
1_15_6,0.0084439600,0E-10,0.0,0
1_15_7,0.0137075650,0E-10,0.0,0
1_15_8,0.0072602050,0E-10,0.0,0
1_15_9,0.1628276600,0.0000092789,0.003046128690649822,0.00009422291038280476850513950493
1_16_0,-0.2852640330,0.0000469141,0.006849386833870605,0.000006007508609861454474333104225
1_16_1,-0.1403497000,0E-10,0.0,0
1_16_2,0.1446107188,0.0000078404,0.002800071427660373,0.00007921317473683787515322077080
1_16_3,-0.1530157143,0.0000114941,0.003390294972417592,0.000006592595944008989702736374263
1_16_4,-0.2612925059,0.0000098427,0.0031373077630350516,0.00003077059776226349877377881910
1_16_5,-0.4879175820,0.0000068847,0.0026238711858625986,0.00006037413472805065572573914934
1_16_6,-0.0422997900,0E-10,0.0,0
1_16_7,0.0064413804,0E-10,0.0,0
1_16_8,-0.1979725000,0E-10,0.0,0
1_16_9,0.3053516639,0.0000081440,0.002853769437077915,0.00004747910982813939615106353086
1_17_0,0.0657365551,0.0000276316,0.005256576832882784,0.0001337454806805760603563197687
1_17_1,-0.0272325630,0E-10,0.0,0
1_17_2,0.0524866378,0.0000076133,0.0027592209045308423,0.0003010013814898088803651719469
1_17_3,-0.1796333987,0.0000088191,0.00296969695423624,0.00007796405714461793564063984802
1_17_4,0.3580335046,0.0000102853,0.0032070703141652505,0.00003820683346685145110935650719
1_17_5,0.1547357636,0.0000065945,0.0025679758565843253,0.00006485504246953578363195950321
1_17_6,-0.1433571100,0E-10,0.0,0
1_17_7,-0.1772708700,0E-10,0.0,0
1_17_8,-0.1012233000,0E-10,0.0,0
1_17_9,0.1627977951,0.0000075527,0.0027482176041936706,0.00009968835638338003141044670135
1_18_0,0.1536880000,0E-10,0.0,0
1_18_1,-0.0808631550,0E-10,0.0,0
1_18_2,0.1066720700,0E-10,0.0,0
1_18_3,0.1311304700,0E-10,0.0,0
1_18_4,-0.1284460300,0E-10,0.0,0
1_18_5,0.0020145470,0E-10,0.0,0
1_18_6,-0.0171078830,0E-10,0.0,0
1_18_7,-0.0145902030,0E-10,0.0,0
1_18_8,-0.0814459200,0E-10,0.0,0
1_18_9,0.0251142980,0E-10,0.0,0
1_19_0,0.0944789007,0.0000410657,0.006408252491904482,0.00005255481305166184399609860221
1_19_1,-0.0521987900,0E-10,0.0,0
1_19_2,0.2307654275,0.0000087186,0.0029527275526197807,0.00006073245638335470746155819341
1_19_3,0.0216586590,0.0000103137,0.003211494978977859,0.0004979483564860209316055253289
1_19_4,0.0713026717,0.0000082741,0.0028764735354249306,0.0001933086889469169367436940342
1_19_5,0.1469120756,0.0000071977,0.0026828529590717416,0.0001515308969933751629090701688
1_19_6,-0.0195994060,0E-10,0.0,0
1_19_7,0.0362666550,0E-10,0.0,0
1_19_8,-0.1502571600,0E-10,0.0,0
1_19_9,0.1672095592,0.0000086997,0.002949525385549343,0.00009289275872142541679287284163
1_1_0,-0.1022938947,0.0000428419,0.006545372411100838,0.00003249741335500552723284676097
1_1_1,-0.0056181720,0E-10,0.0,0
1_1_2,0.2708677067,0.0000089979,0.002999649979580951,0.00005121991038807600591299466940
1_1_3,0.1829542317,0.0000105521,0.0032483996059598334,0.00004102523548867755679078605685
1_1_4,0.1960953920,0.0000086957,0.002948847232394381,0.00006645714036516310307493617330
1_1_5,0.1384294126,0.0000078735,0.0028059757661106056,0.0001701125636633893596211548204
1_1_6,-0.1601250800,0E-10,0.0,0
1_1_7,0.0760069640,0E-10,0.0,0
1_1_8,-0.1953651600,0E-10,0.0,0
1_1_9,0.2861360780,0.0000089579,0.002992975108483196,0.00005341177301671226045318241929
1_2_0,-0.0223357094,0.0000519527,0.00720782213986999,0.0006373866954381406637263711934
1_2_1,0.1129347400,0E-10,0.0,0
1_2_2,0.0362930816,0.0000395358,0.006287749995030019,0.0004296859855353407478020913217
1_2_3,-0.2805093895,0.0001228243,0.0110826125078882,0.00007153554186319640563621534863
1_2_4,0.1686345339,0.0000284132,0.005330403361847957,0.00007898298902564749801669241763
1_2_5,0.2644625881,0.0000272636,0.005221455735712025,0.00001398762008742006269697373782
1_2_6,0.1176609000,0E-10,0.0,0
1_2_7,0.0054970280,0E-10,0.0,0
1_2_8,0.0727467460,0E-10,0.0,0
1_2_9,0.1070535484,0.0000263619,0.005134384091592681,0.0001519362065687930797879513247
1_3_0,-0.0507728160,0E-10,0.0,0
1_3_1,0.1686481100,0E-10,0.0,0
1_3_2,-0.0124793080,0E-10,0.0,0
1_3_3,-0.0210118100,0E-10,0.0,0
1_3_4,0.1718729700,0E-10,0.0,0
1_3_5,0.0709679500,0E-10,0.0,0
1_3_6,-0.0458827240,0E-10,0.0,0
1_3_7,-0.0183140750,0E-10,0.0,0
1_3_8,-0.0896836600,0E-10,0.0,0
1_3_9,-0.1402497100,0E-10,0.0,0
1_4_0,-0.0070311637,0E-10,0.0,0
1_4_1,0.0632913040,0E-10,0.0,0
1_4_2,0.0390317630,0E-10,0.0,0
1_4_3,0.2794406000,0E-10,0.0,0
1_4_4,-0.0214798200,0E-10,0.0,0
1_4_5,-0.0913996000,0E-10,0.0,0
1_4_6,0.1867667900,0E-10,0.0,0
1_4_7,0.0820586500,0E-10,0.0,0
1_4_8,-0.0072379910,0E-10,0.0,0
1_4_9,-0.1459720900,0E-10,0.0,0
1_5_0,-0.4582900534,0.0000450640,0.006712972515957443,0.000006667543384408923749422086190
1_5_1,-0.0175684100,0E-10,0.0,0
1_5_2,0.0108691462,0.0000098169,0.0031331932592803782,0.001403245307142257487135199672
1_5_3,-0.2418470078,0.0000082119,0.002865641289484781,0.00001015493539899637485357337794
1_5_4,-0.0806093703,0.0000132651,0.0036421284985568535,0.0001503723310982685638785651975
1_5_5,0.5041969782,0.0000118173,0.0034376299975419113,0.00006331981590373292269778131952
1_5_6,-0.1323895900,0E-10,0.0,0
1_5_7,-0.1818628300,0E-10,0.0,0
1_5_8,0.0961768100,0E-10,0.0,0
1_5_9,0.0726062796,0.0000087498,0.0029580060851864386,0.0002513293207634458905369676441
1_6_0,-0.3426839373,0.0000399672,0.006321961720858487,0.00001560671423383083313784024181
1_6_1,0.0668349700,0E-10,0.0,0
1_6_2,0.0050845636,0.0000285236,0.005340749011140666,0.0006618918466185455021550154208
1_6_3,0.0633849149,0.0000188202,0.0043382254436578095,0.00006831573256244916177687243391
1_6_4,0.2325212677,0.0000236599,0.004864144323516727,0.00002098707392285524092243628800
1_6_5,0.9370460109,0.0000109753,0.0033128990325695107,0.00001116723490100837887331725964
1_6_6,-0.1735972300,0E-10,0.0,0
1_6_7,-0.0160830300,0E-10,0.0,0
1_6_8,0.0263426060,0E-10,0.0,0
1_6_9,0.3273855736,0.0000291266,0.005396906521332383,0.00004897626748990548693366838654
1_7_0,0.0935755450,0E-10,0.0,0
1_7_1,-0.0150654580,0E-10,0.0,0
1_7_2,-0.1481244400,0E-10,0.0,0
1_7_3,-0.0109578800,0E-10,0.0,0
1_7_4,-0.0342196560,0E-10,0.0,0
1_7_5,-0.0100053960,0E-10,0.0,0
1_7_6,-0.1001483700,0E-10,0.0,0
1_7_7,0.0460642300,0E-10,0.0,0
1_7_8,0.2333000300,0E-10,0.0,0
1_7_9,-0.0668801100,0E-10,0.0,0
1_8_0,0.5885193579,0.0000261125,0.005110039138793362,0.000005482975441949763577304715058
1_8_1,-0.0191463330,0E-10,0.0,0
1_8_2,-1.3497207736,0.0001701525,0.013044251607508956,0.000004384315435819078634565505654
1_8_3,-0.3634749279,0.0000884538,0.009404988038269906,0.00001736641705473140786743854022
1_8_4,-0.4237969439,0.0000224151,0.00473445878638731,0.000007175074005063297645842762946
1_8_5,-0.1452823924,0.0000317979,0.005638962670562734,0.00004761690179300115333040887898
1_8_6,0.0220435560,0E-10,0.0,0
1_8_7,-0.1920222000,0E-10,0.0,0
1_8_8,-0.0578873680,0E-10,0.0,0
1_8_9,-1.6217814272,0.0002014405,0.014192973613728732,0.000001531018933240106965884457666
1_9_0,0.0592437472,0.0000563050,0.007503665770808292,0.00008001833499090232938136280237
1_9_1,-0.0712460700,0E-10,0.0,0
1_9_2,0.3016267919,0.0000107628,0.003280670663141913,0.00004441551321088733795452967748
1_9_3,0.2295022954,0.0000121895,0.0034913464451411867,0.00003182598835547591343135166816
1_9_4,0.0334535222,0.0000113496,0.003368916739843833,0.0004892663913046944415921309235
1_9_5,0.1203779785,0.0000122049,0.0034935512018575026,0.0001986921827802567185403874724
1_9_6,0.0741105400,0E-10,0.0,0
1_9_7,-0.0687954350,0E-10,0.0,0
1_9_8,0.1105280500,0E-10,0.0,0
1_9_9,0.4569626369,0.0000107367,0.0032766904034406425,0.00003169372215069545207401166264
2_0_0,-0.2230804528,0.0000364709,0.006039114173452924,0.00005324712054218426364996247754
2_0_1,0.0740473820,0.0000340918,0.00583881837360951,0.00001715308482145130293272518184
2_1_0,-0.0961048750,0E-10,0.0,0
2_1_1,-0.0808039160,0E-10,0.0,0
2_2_0,-0.1354743397,0.0000030434,0.0017445343218177164,0.0001805844867298474695282934495
2_2_1,0.3599065142,0.0000109695,0.003312023550640907,0.00004024999002115086354458383794
2_3_0,-0.3889815225,0.0000064186,0.0025334956088377183,0.00005366569448897584844656611351
2_3_1,0.0819075712,0.0000117359,0.0034257699864410044,0.0001788127306446442429415196389
2_4_0,-0.1783441510,0.0000057136,0.0023903137869325857,0.00005113350377125665057884838194
2_4_1,0.2302587783,0.0000085300,0.0029206163733020464,0.00006266955733651569616701082051
2_5_0,0.6834890044,0.0000032325,0.0017979154596365202,0.00001398258344594721605892471775
2_5_1,0.0785853215,0.0000059948,0.0024484280671483896,0.0001746918384548544815486305133
2_6_0,0.0099098090,0E-10,0.0,0
2_6_1,-0.0709163500,0E-10,0.0,0
2_7_0,0.0039717853,0E-10,0.0,0
2_7_1,-0.1696759000,0E-10,0.0,0
2_8_0,0.0068136286,0E-10,0.0,0
2_8_1,-0.0109623390,0E-10,0.0,0
2_9_0,0.1926440410,0.0000025379,0.0015930787802240038,0.0001337034804955984289893474504
2_9_1,0.3767741950,0.0000109813,0.0033138044601333976,0.00003810435143722042822329085050
